140851189,43971774
535191353,533365381
36926383,35089332
521193548,519429149
525519026,524102816
526977731,525523219
529581053,528080021
36061151,34616910
526318846,524807934
1576047524,1573939777
524233289,522495782
36011317,34540062
526750760,524693757
528274074,526594627
555257124,553125376
522724245,521340250
36548928,35013466
524850378,523394254
525724842,524173274
527368793,525368964
36451704,34632270
527789552,525898197
523190771,521501854
521974612,520510342
528968053,527524205
36510968,34682483
37166911,35579246
527060603,525156289
37065685,35259942
529353384,527651251
531450049,529547863
533610519,531707641
523733663,521816428
526685024,524559716
533583271,531723595
1371766353,1369714251
36684379,35400927
37757514,35874543
528707878,526239935
525032257,523021461
523607088,521775435
37606155,35054318
36955629,35545789
37586077,36150486
37941252,36184378
36451931,34992755
37172166,35497630
524529690,522717349
527568535,525782182
533105239,531129815
528173338,526426167
36851570,35093705
36541944,34931474
38911433,35643704
527092348,525409860
523187190,521349343
523230634,521396093
36943718,35375706
528233214,526478413
522611766,521185348
529337602,527840689
1596571382,1594097230
37196668,35382854
36755637,35052552
534186177,532158531
530509909,528770570
36867730,35474441
527246965,525500748
36442311,34999875
36709245,35099225
525506266,524066808
525797959,524385995
529316333,527453718
35804253,34117226
529863555,527958145
1356673427,1354480457
35885313,34539822
531877724,530097200
523707634,521883831
36262724,34710196
524168871,522174787
36970356,35262491
526486496,524992685
36268934,34749127
40491421,36060128
527837550,526146162
40069115,35332032
36691971,34995369
528677932,526768855
36470023,34992598
528546797,525944356
530048814,527926284
36310862,34551396
37053648,35284544
527055197,525601130
36136810,34489663
36668569,35177052
522136210,520454227
525150200,523444056
36041516,34314358
36484442,34778355
36599580,34784191
528307622,526105861
36706898,35265023
36699508,34566904
37188834,35758492
525595622,524157728
37506407,35391602
522924596,521518957
36443464,34443238
36208762,34626706
526467303,524714668
36932080,35085987
36028911,34326610
526773672,524917358
37458480,35381762
527571501,526063906
526322334,524548878
526536118,524845414
527737103,525899153
525153302,523398899
36614032,35016594
529830542,527917990
526091913,524255473
36557097,34963071
36142150,34709141
35956200,34395371
529604790,528068444
522670594,521252627
36465932,35108112
36853251,35082637
525701997,524290429
522870160,521209953
36961320,35627865
36342739,34417215
526203510,524709092
36450744,35064512
531680707,527928714
521258462,519179408
36789411,35008947
35767244,34480631
525291891,523702214
37027999,35394383
36757776,35308808
37283316,35997351
527747080,526027858
525659002,523963845
35867124,34533626
36092486,34315852
526603762,524865119
527616924,525763827
531603973,529753107
36249436,34339051
531187597,526829910
525098547,520150495
526251432,524821711
536117821,534256831
525724628,523982173
529722307,527813622
525656435,523985071
530784795,528986017
528112288,526336155
525526182,523784946
35641043,34262649
36329572,34348521
524929970,521250134
524850805,523581404
36669476,34432394
528266144,526701077
522950482,521225558
524168516,522199856
36138872,34575559
36598069,34928359
525019603,523472520
525827068,524410813
527662328,525951633
527336996,525486343
527432909,525703221
36690941,35099422
36189940,34620868
36744833,34983679
531761434,530243838
530620778,526269913
521713226,519639969
525560914,523873319
528199168,526476991
37166656,35283561
526060957,524627455
524700358,523315315
524461975,523008183
523075123,521690302
524459133,522653065
36255027,34300728
36732434,34994926
37078728,35279994
525039749,523604328
528874057,527477425
529415403,528019861
529248364,527128273
525119857,523284507
36179986,34487906
528245435,526800215
37041666,35297462
37477664,36017127
37672482,36107094
525728834,523994369
531160612,529537771
35963601,34540547
35924053,34107428
522717950,521295973
530079488,528188774
528358700,526027393
524599333,522814098
36615553,34805524
531161905,526804234
526396810,524666420
528349411,526893818
1608398643,1604113079
36297801,34466363
522437759,520929756
37247209,35460647
524923101,523069186
36655314,34985264
36933630,35236966
530270471,528410787
527100615,525376606
37295674,35306553
529401501,527966424
1566369295,1564221641
529394045,524850556
533634056,529320163
523213963,521446016
36024786,34658274
528365318,525755588
37150659,35341619
529246339,527360874
527736566,525928524
529008836,527163157
35807156,34177927
529881265,525185434
522871030,520908658
532897978,525562128
526833468,524791461
526436589,524259160
523440272,521688816
526784131,525075549
36162459,34724685
530383767,525606734
37185085,35607063
36574393,35091993
1563001152,1560591687
36683112,34849309
36384977,34624572
526952289,525418290
528082841,526159531
529331840,527293638
36814420,34918749
525232285,523613404
36746602,34977930
36733507,35259953
1582228383,1579733339
36963609,35637961
526368731,524618160
1565614101,1563151046
37034293,35598745
39595805,34996328
526848512,524683060
36444460,34996836
35805395,34132556
532983158,528099405
37749430,35740899
529026162,527559704
36892345,35188104
535974839,534404396
531144796,529552536
36153653,34390483
526079393,524336281
528491329,526590264
526179413,524318837
1582168922,1576776836
527631517,525622140
531682921,525944165
526456144,524493622
524919442,523201375
36725715,35026074
525686421,524282919
523368832,521906982
527879955,526470220
526107789,524418280
39270149,36444617
523503745,521749172
527901487,526158864
531288565,529200667
529446892,527576088
529342552,527597614
523996426,522200009
36646249,34880936
36467530,35039336
36811759,35098720
43960011,38777199
526434324,524194164
533741510,529132675
522487522,520514827
525222138,523741227
36453197,34840406
1335182246,1333452228
36734116,35257938
528482487,526741815
529793381,527815252
37472034,35692945
36694196,35322342
36928376,35282916
1564146985,1561902446
531087582,528303358
528165707,526448382
38761724,37107386
36459890,34673016
529688754,528017863
554712155,549519335
37291211,35841149
526905417,525070212
526095408,524363988
522250339,520592701
36585415,34830200
524722460,522951467
36856506,35094819
536588727,528924272
556942955,551392923
36473969,35007006
525586358,523861705
529020472,527173479
37180216,35433017
523196656,521711007
38267932,34950888
524113433,522562479
526820524,524860230
524953184,523166224
35570122,34228072
521221178,519565602
527921482,523083645
529216169,527412843
