499801529,490944353
487593379,485701726
12225750,10425620
12463056,10698586
12274498,10436213
488660484,486766303
483735166,481833051
490439552,488496673
11935298,10648564
486466195,484601909
797735982,795277194
12244953,10446633
12006997,10519687
12109407,10422873
486342563,484579478
12277632,10420416
12097030,10177691
12228262,10658981
11383726,9656128
486991603,485357710
11991491,10302717
485691463,483839512
12449816,10521845
13135119,11216799
485534811,483936273
25741524,19891805
486268550,484197933
11177617,9802258
496172547,490602229
489697863,487786944
11853082,9996215
11642874,9956815
12101186,10166559
489563086,487429631
487554956,485495860
488141188,486026475
12160987,10276818
1136705230,1134409896
12050231,10482056
487258886,485328884
484503884,482680248
486211358,484069454
12256776,10463220
11422041,9836130
490390483,488450221
11010056,9652662
489132192,484361007
12333273,10332886
485726034,483477257
486388375,484342971
486042742,484099191
491888308,489556542
912567704,910125389
488174521,486687927
487287700,484286017
503208092,496389947
11789869,9917538
490666890,488696468
487776460,485839031
12465465,10590234
12119595,10518625
489284865,487339427
486203203,484285491
15688940,10176022
490054202,485127284
485443599,483573986
12939677,11266120
490035440,488160075
12200494,10446011
486237013,484744483
486529698,484905460
12188628,10641634
484858343,482951555
489524315,487524773
484511831,482645861
489159252,486908823
483154176,481783865
484898253,483344945
488268483,484814187
488287445,486407655
486783372,484878998
488940647,487001353
12445358,10549166
11754919,9867018
15343614,13707793
491615509,487194598
490302586,488401807
493102075,491593692
11176459,9836994
12466364,10625747
12049597,10473975
488086938,486177908
485341045,483505864
486440795,484444978
11414648,9805682
485975050,484096660
11940962,10463411
486533847,484694336
485899447,483989748
490129347,488236103
492746096,490843295
12112142,10198743
485387129,483885431
11532184,9731447
487553238,485878204
12487797,10861476
12430178,10552474
12443375,10360873
11743635,9842684
489083453,485797632
488924487,487191152
11594000,9851726
490776867,487967240
487966308,486045895
491892684,490396705
913767705,905609321
11899065,9572348
11617211,9852332
484321836,482379057
487065069,485102683
11924835,9740258
486228661,484393493
489477773,487590742
487735627,484548069
491587618,487617186
11889129,10388014
16543270,11282913
11934466,10584370
12336084,10497631
484952833,483117971
11739349,9994952
11443446,10017444
488538613,486554774
11751101,9872134
490861745,489191423
492969097,491456909
22246151,16448737
12179017,10214480
491809302,487494826
490635624,488802583
12005429,10298769
11613681,10222931
795702908,793694908
489972209,487960279
12361511,10882728
489572915,487987621
15023865,10630174
12195340,10415161
489807684,487670109
492272900,490607624
486748388,484522770
484337266,482490635
11413364,9706251
488526489,487015636
490938819,489323576
11792026,10068246
12134017,10283750
484028652,482500917
12580824,10762936
483800022,481979882
483896783,481939361
489057190,486662527
491786918,489501941
16000312,10152046
485862078,484217765
484676668,483117395
489858023,487753351
12737162,10576842
11206053,9656811
488289109,486337386
509425298,507488762
11390484,9673190
489707733,488121524
487699562,486135969
491041457,489386549
487936327,485950304
12541225,10401758
11459138,9647296
11861945,10024697
490654938,489103990
1167740076,1160387599
491484145,486617936
12275362,10467592
12677558,10961695
12184211,10227131
485351523,483478363
1197107572,1193961468
488768192,486581441
488068128,486127899
493225731,491312688
15306107,11232539
484805466,483192615
11990899,10179100
803255196,801559177
484610371,483094527
484491303,482894439
483569417,482060236
488202970,486588581
484869060,483277519
483391824,481897372
12383406,10536908
11949172,10474007
485591991,483669978
12154090,10935500
12219053,10688689
11447024,10010079
12070165,10364788
487492262,485969331
485810574,483996346
11196256,9871381
488355710,486460172
489923021,487540454
12348463,10559508
491348528,489319300
484138499,482518976
483403319,481853047
11608705,9900757
485355303,482959947
491234940,488513344
11349494,9531382
12487055,10659310
516136570,514566242
494750183,492698483
79812825,66568567
827304442,821057911
491476534,489485031
494632421,492179346
12486042,10469703
12557133,10618113
12562268,10688566
12332156,10750467
485900254,483953095
11794999,9962840
907203441,905321748
486170625,484301170
488052402,486095115
502835457,496752943
488644860,486738700
11804356,10016312
486882678,485390166
487868544,485977856
493741222,491472005
12045934,10183090
488603701,486774441
487988790,485961175
490437489,485724192
21286844,13549719
488047840,485590109
485852746,483976004
484615032,483069346
11555156,9921727
488458870,486562712
489613375,487815122
12266266,10521696
11190837,9737509
1141024691,1138276991
485624455,484094369
11289502,9711009
491019508,489086496
12481930,10625101
486206109,484068816
12173449,10370762
487759355,485942848
487883636,483370601
14491100,10584487
12150034,10625542
12378702,10543844
12124556,10133062
484856031,483268028
483896815,482380432
488393769,486569790
11616777,10105740
488551211,486526481
487258436,484148335
483486195,481566226
486782544,484738447
487541819,485600724
487822647,485925559
11446178,9743172
484344915,482407563
11935934,10770948
490384755,488629252
15486485,10928905
487513006,485361928
491328036,489341309
487290661,485863375
487743533,483603670
12066930,10488559
11694467,9832354
489181186,484842158
488294850,486691522
785720917,783760430
487460571,485581645
489636381,487179024
492920467,490917575
488898482,486976333
485537351,483737719
15217217,10470829
497016612,495485336
488347959,486767870
488167245,486540524
11175429,9922850
486649956,485081879
11750325,10112167
489835908,487908618
11405550,10029253
490218724,488306793
14328570,9356317
486296811,484257758
487912146,485876285
486672674,485242615
484750600,483214113
483738631,482197132
490224136,485690288
484242523,482395358
488530807,486333002
793425809,791308235
485484849,484078346
486801458,484971153
489550559,488151218
485363275,483858416
488212609,486591743
12305237,10465326
12547460,10812370
486923303,485391480
489079557,487451475
12131798,10509254
11697909,9826427
12070559,10543034
818804168,817098204
489354282,487790450
11978437,10330479
12132726,10570633
488666760,483988081
12115886,10219974
12753289,10965559
901872700,899480743
12187607,10453762
484890434,483438025
492359439,488778498
503990063,495893941
