588453439,529976393
39059965,37428753
527164101,525413382
528407901,526728491
35280612,33654924
36127359,34499543
35826417,34065001
528720405,526842581
36078803,34217982
532739176,530609041
533012803,531110989
525270451,523349695
527428972,525721694
531358611,529622473
523144919,521444200
34638205,33052347
35663603,33928857
525296412,523370925
530469941,528671759
1587987270,1585547972
1283894397,1281773742
526361345,524540778
35498596,33532315
35098603,33046711
34708705,33130698
531506188,528980987
36777939,34962897
533328972,531125566
528923885,527005267
534657990,532896351
35893294,34405918
530966198,529368356
36358602,34677453
36176341,34351887
36307128,34582066
534979051,533215075
35141290,33267752
535443632,531689935
526100738,524355952
528508369,526466933
35331745,33345824
43120762,36137153
529042864,527052912
533263652,531441057
36179232,34092864
527548763,525662039
36112228,34114764
524358806,522637079
525870500,524152172
527147660,525514972
35222032,33454590
35281109,33255748
520601208,518575284
34863696,33029903
35174588,33566110
526935813,522827819
527437388,525525304
35639814,34005047
550929842,542442695
534504317,532782282
35030564,33425514
532188533,530336027
34820831,33184165
1264473038,1262577415
35710385,34028437
531189494,529345281
534184804,532328058
530042853,527992124
530593973,528807990
1269839800,1267974910
537204414,534874840
1368168649,1366068463
36208015,34280364
35787312,33472938
1606653882,1604276018
36494729,34785450
37539459,33419504
536275769,533351957
530753361,528898654
530282865,528566846
528009586,526282080
529660054,527754457
530666747,528690057
36241090,34340111
36082939,34187519
35029492,33374001
35571601,33695322
35663313,33591236
531196989,529385977
36268085,34283130
34609419,33004305
35753330,34111296
530843024,525718321
35489177,33839745
35269094,33137030
523886491,521998366
529018244,527122247
526005288,524200715
529038373,527145092
530166967,528301103
526243607,524513663
526109709,524395293
526434667,524173928
35432853,33255565
1356971739,1354855310
35245000,33632029
520317643,518631729
34906713,33200878
525167468,523445057
528125130,526413440
527291079,524741156
522269884,520529883
34675390,32991465
521921275,520153601
531376785,529510983
35367955,33843941
527225051,525197276
522283337,520663345
35433402,33675655
530379623,528614809
35710522,33748104
531095718,529171403
531997235,530145280
1601382611,1598424602
531601704,529844280
36409445,34667953
37277294,35619604
35757249,33839061
536773590,534508599
534455633,532640996
529286708,527643575
531011367,529448522
36702035,35115045
35337887,33751644
536832106,534486704
531776315,529633152
34965060,33065802
35000287,33158262
530674968,528921695
35231922,33540656
525904657,524122690
520433337,518697316
35973405,33918837
529347109,527623694
532856934,530692348
535712279,534026108
526083671,524243640
35353240,33690395
527243615,525194279
524662308,522857156
532014954,529946049
1368101003,1365994253
529994292,528213121
35884550,33882655
531907349,530050778
528699127,526645780
529772739,528048777
528085258,526360565
531496217,529833314
35686611,34205594
533449881,531736864
527130708,525439684
531482746,529672252
36024964,34350393
36253615,34227120
534697919,532543383
35384696,33705184
35513815,33534985
36325739,34246149
38420813,33970028
539148889,533886832
533840761,531723699
534803997,532902415
38881977,33895401
537710959,535686368
35124621,33142075
35577175,33924847
533122231,530735038
35428437,33722910
35293648,33342785
36150766,34449113
528129922,525237445
529417162,527613576
530420838,528236361
531722942,530032624
35696283,33804499
536924373,535016454
35248121,33583974
34831510,33002976
524534626,522759665
527025541,525627381
37288869,33568060
37898517,33863027
35696857,34051021
527775734,525624442
525340491,523345265
525502459,523622620
533792306,527827208
528973883,527274959
34925321,33055219
527682438,526044762
35549648,33855130
36122739,34269711
35102767,33472625
521443739,519937469
526638911,524618159
35245097,33173331
34972296,33336259
529933021,528141019
35416807,33358915
35902614,34163689
35928598,33979899
35355432,33596289
529628283,527937530
35354507,32925303
35979269,33949901
35512096,33346068
519939854,518255653
520507690,518392308
36127752,34161506
545028353,538649492
34653325,33058417
36089804,33790528
522581084,520588105
529496105,527717671
35325465,33462840
527420282,525707919
35116253,33142577
523118043,521361572
527257535,525154397
1374080693,1372059055
35200214,33506993
34712937,33051066
527439718,525339491
34854517,32950315
522625455,520969958
520650338,518981486
525544690,523935953
524966217,523260850
530193389,528463448
34495460,32627721
518543470,516783527
519323059,517699594
34956267,33432902
529019201,527292955
525889458,524091275
532583865,530502747
529331937,525637203
529070642,527307170
38324647,33531367
35385415,33829151
34958991,33208816
36359803,34498201
34957185,33122771
36063976,34468197
535028754,533223101
35403151,33469900
521357972,519663058
522588084,520996073
37569032,33867745
34752063,33113108
41790555,34222836
36220966,33001459
531743898,527686268
531254899,529416080
527326739,525542174
34502943,32522779
35908663,34242355
531253655,529094939
35156274,33227080
531742960,527543929
527251651,525424781
40963454,33744142
34516620,33012154
36096477,34372602
531135960,529386950
524291405,522667999
534819187,529083011
528113104,526438803
35996096,33908280
35107271,33556005
36009797,34531394
35378231,33905222
529223628,527680629
550062374,542335402
34849956,33155120
524441688,522286400
36344611,34676365
36094214,34067519
36051715,34412963
539639172,537829896
530933726,529133310
38966139,33638110
534165668,532127583
35881511,33949943
35773558,34219962
527249533,525271634
35881875,33803311
532577223,530750795
526094563,524396979
535749736,533202978
539716935,537889911
530092150,528408876
536442869,535038576
35378505,33418676
35340113,33570993
531480470,529687552
540976129,536150411
535151765,532664496
519640370,517989741
34526403,32610567
523063983,521505178
35588624,33998814
1269345366,1267584312
524922345,523301453
526129786,524429525
35471354,33855467
533509126,531693316
529368327,527568496
526988887,525312192
525891748,523809253
523619293,521885064
532054076,529736241
530152253,528108279
531622921,529762995
533114902,531343110
35674931,34015953
47083529,40396950
524767052,522738263
34786494,32918291
523488107,521758258
522612606,520845415
522836708,521277894
524567076,522896564
35663128,33905052
35059207,33532671
36871520,34886331
527801806,526072184
524137991,522123052
525513030,523798789
535003352,533198922
529143742,527010316
39148034,32607362
35848440,33625302
530045578,528267332
35662248,33799181
533430956,531805274
533872118,528962357
653001512,647190174
525296885,523627706
533191572,530938063
532154148,530080134
35413144,33693680
532047404,530408879
34173735,32609550
532090147,530105131
35745342,34074407
35539679,34031063
522160438,520166137
36237928,34422165
1583166017,1580278477
35991435,34100761
532879432,528369265
1263577151,1261526663
36182244,34420228
536930122,532204878
36028158,34420153
529463383,527288146
35724547,34179591
529427462,527436660
529667519,527659145
529868602,528170990
1578062086,1575607228
35200479,33457203
529352249,527522678
518466734,516896290
525724496,523986961
523354208,521765036
528446314,526851994
525565012,523652204
35460305,33424316
527157422,525487867
530053606,528263060
526812596,524984210
35944819,34386583
35067269,33033587
549595807,547463212
35792371,34087661
526488061,524444096
35563358,33923319
526817584,525065883
530881341,522777853
520925621,519366757
533547426,531893868
533092370,531024054
537291070,530865852
526774992,525140575
528050028,526017416
529552547,527593223
526791966,525130195
35803090,33765450
35686544,34036788
35786743,33843178
528716684,527006705
526802554,524806908
35529183,33917671
36780657,35139136
36020899,34387106
35463714,33399477
35444165,33677394
35215111,33343025
520859082,519233292
42668836,36612366
530112952,527496964
525007830,522966283
34923776,33357894
525022484,523228121
35395841,33848621
34973705,33409578
527436374,525376403
542029212,540377700
531596234,529840473
530750640,528199273
529919948,527670352
35279597,33615871
527562777,525895044
532304653,530491964
35951739,33831474
529176801,527575207
529467043,525092141
526281374,524399897
521541833,519913897
35141624,33230334
521078339,519454757
525386459,523408048
1625636013,1623090279
528750322,526763010
34466818,32822495
35336835,33514817
527533660,525880318
35747395,33712703
49405414,47521190
528522488,526741285
528602561,526628892
532679934,530537745
35678807,34056410
36542111,34857645
35510728,33586333
526604172,524830053
531436615,529687356
529705157,528092669
527078199,525421943
531740015,529230807
37215353,35346301
36516905,34332068
521967650,520118876
35436309,33402274
1598256116,1595828155
39464641,37800171
536900449,531971119
35962748,34304779
538825486,534138313
533773054,531765261
529105490,527385670
35733367,34135385
36341169,34625401
1337929412,1335942860
535247162,532509472
530885934,528741339
35431064,33749973
531702035,529627276
534760530,533023879
532853147,530728946
535310252,532634884
528314998,526359773
534894398,533181464
35261762,33694002
35865754,34095448
531161846,529415117
563689037,559038840
534435999,529997251
542417094,537521604
527359505,525259452
532617716,527885744
43768668,38085617
531214570,529376071
527505598,525748799
527761396,525184949
526427053,524646230
527279179,525515756
535416289,530682932
529644991,527827107
36131804,34255683
36319031,34677794
529824034,527669810
538677641,533931866
535721640,534412960
35632725,33948158
525685031,523648477
35743622,34006550
35024158,32954692
1555758556,1553047439
526440464,524760725
34779588,32807879
531998586,530272535
35146752,33181903
36196998,34620928
529400419,527687432
35175198,33575742
528068390,526008293
1603206714,1600594777
535182486,533240536
524813320,523210682
35003190,33235198
34303626,32639444
529651575,527946524
536401853,534528993
35746276,33666657
36271625,34420802
36603940,34845415
528822405,526750987
1602748117,1600209397
35508876,33892647
35908445,34478516
526998016,524824167
519516548,517848503
524415205,522841590
1589479200,1584859457
35058810,33503721
35038845,33367583
35714979,33727710
35602144,33980403
35536796,33833390
523303598,521400324
35241797,33433547
34976000,33656643
529872220,528280342
35703412,33749248
528807833,527149360
530005956,525044271
524071571,522252548
36167932,34606382
35657051,34048083
529646233,527942847
531758566,529958530
36200773,34500135
530021780,527760136
1263232548,1261390593
530302709,528618082
532501664,530702822
531462506,529468791
35442397,33397854
526929679,525230669
528273204,526350298
527965316,526261119
532258144,530525942
34408514,32837673
528133934,526467692
529080690,527408717
1600074949,1597508262
36435585,34821361
533256337,531559825
532711965,530914637
540569015,536074262
39956885,35097202
536387607,534592675
536101979,534268998
531602835,529538962
535672289,533951690
35404399,33727155
531606656,529904372
531424436,529849325
527273689,525655140
526593213,524904114
36372344,34627577
537468796,535421903
35264597,33039570
527318539,525588109
527031905,524932414
35574568,34064632
528900372,526912202
522261164,520614179
534130355,532321554
529125543,527120679
527184186,525558351
527826246,525889252
526602035,524524096
