330260440,192108751
336564638,198926523
343712344,147295518
124035854,120089421
1870652757,1809019219
1920169337,1862289745
2159211157,2150253878
1782307910,230658937
4225769388,3251355942
4231997211,3241950644
4272739077,3294822648
4283347216,3288821228
4313542597,3306059745
3100264425,177863847
2020528871,161184985
5108807286,3143540356
5594284457,2665074773
4495267124,2625893131
2568821168,239513175
2567454513,235572867
2763861376,186292777
2969116663,2958311055
2984649096,2972883771
632589669,223930745
382448041,208633155
5527881148,3781019568
4154020901,3772865500
4070008635,3743604009
4071565996,3712695599
3687807401,195785299
3912975053,3702018742
3865695514,230852257
3661056455,236126738
317302253,232395447
3376342063,3292866038
3248643728,3189553570
3278658636,3212208470
3321963667,3242326653
3080116842,188806888
3093278571,206520183
10483706727,10470289641
374248273,228161968
381577832,227819873
11188297931,8870683299
664947479,220944999
6093756644,3178617985
6123214901,3220219477
2816407080,185862756
3383271973,3242484081
3410864082,3249084177
2549260125,209220792
2302393046,198900679
322262916,170923796
3824862439,3397815159
3847829214,3415499782
907476082,188339688
942985625,210148982
6043686580,3406265852
3649345027,3382681885
3718485015,3407059934
2643969034,192711859
3661441267,3444477569
3692321509,3458822848
4448281903,3530819309
5746673724,3395928447
3778819528,3345375305
5356476260,3405503035
3590850263,3413591130
3133082253,218095815
2285827566,207143480
415196065,226181239
388555624,226117104
6220528117,3297696424
3528528416,3289303688
10679035839,8503975794
8719951110,8530901574
6384357220,3376108445
6349605325,3373290377
3015531454,192060073
2398130609,215700703
1587028168,212074967
226892975,191605869
452691702,226273120
247818791,217625287
7453700871,3405421474
749458588,222170903
756164729,221174237
556712149,217449549
8179300961,3441590635
12012675884,9049646705
849483438,196132880
6868582661,3562075461
10734781042,10602425618
3767044311,3532802554
3743318994,3425110800
4218542674,3553917789
4374367951,3522705756
4091273306,3566036412
2144678889,203113135
5059030649,3450957123
5097449240,3465532142
1561720537,166930433
1573788089,185371331
4839794075,3441510484
5541081317,3479528112
713368838,174001588
5355943371,3435808685
4954497722,3367572445
4749414874,3368511095
2560603969,188834362
4019820493,3472915059
4181021466,3453655258
4184305233,3461651802
1030830355,191684118
462519640,200429763
5753744536,3374558995
5948517692,3377111918
4861180455,3373935443
10221567545,9122595301
4155305780,3309533278
876196203,213136985
3957193864,3339650891
884635355,195531195
985812258,189009340
5590916582,3301261237
5629136638,3327495318
5648183602,3304709123
2775565030,201864298
3021399476,224818155
3678676437,3308644336
3633060517,3313254904
487637088,196254792
5404959412,2942300628
5385447903,2995985183
2044369757,215051642
2131325581,243132484
3549948660,3049780663
3763671423,3055692603
476380847,214043635
5166749635,3345076285
5358746507,3310317832
5128569788,3305602445
2328826415,179126429
12557628547,10239694552
3605655063,3366454252
3780852958,3309330835
6046814592,3327218988
5706543259,3349230324
2844299879,183549210
5681578247,3339783915
3709226106,3347375853
3914466890,3296811530
6119856891,3280175481
5858684069,3251911340
5686223762,3257199736
2644452761,242752806
3244268680,3238854741
3267271280,3265195164
8786965786,8006755206
4793549411,2366192220
4369627620,2376507455
4817771641,2406018509
2031955117,240615292
2045626237,249682901
2145584734,220186027
2133578598,223612059
279243236,263211177
292657666,237908924
337240126,203592481
448600802,219886061
5126597516,3342689734
5184459570,3383430748
3020945993,179703662
3451038234,3290541520
3515066586,3336750072
3457441169,3349758409
3016011608,247020078
2811973049,242834325
449418130,224497937
3658266068,3427228471
329203946,184001853
564068457,216615522
6680184296,3854917824
3756700795,3715508377
3983076951,3779081020
3952320551,3753654656
3760725199,3751444286
3334005116,204385066
2911721427,200809561
436048600,190701991
4098462516,3754529580
292900147,230008689
3728104967,3680612570
5471821772,2363151774
2301714218,2252049840
2321201053,2282502723
2325591659,2258456005
2079309715,219893927
2090323130,222101777
2048398345,218108925
319672172,232653871
380476560,207122972
211155963,210056327
5049688060,3317816959
5247004462,3383595567
3059752997,202239148
5283798174,3395831891
3090462188,235344473
3439953714,3284435257
2979075375,145258926
2995691956,134661067
3481883035,3312248788
3337150354,3158850279
247497727,221791478
250874792,246450981
256327737,247719177
425563583,221919625
369545191,216564880
434399888,226756284
377310508,229393170
3358217607,3338321664
3363290424,3351386453
3371164040,3355441574
3375984169,3374619371
2793668167,203663473
3422347732,3269500143
3460515888,3313296192
4341818488,1755116605
4378987183,1774723181
4410145626,1800510015
1733222155,213621668
1736393649,236389304
1746876922,239265116
4907827743,3774619521
4918384703,3785260532
5347295620,3836055775
3831463678,3732845156
3853546161,3743331288
3459865341,210608928
3997049447,3883552309
296639224,218525401
6500768704,3249438152
6555404872,3299625266
3355795991,3224588114
3426260936,3274464553
3393472193,3234800915
3289916966,205868266
3232170581,205282061
447950626,177618515
402304176,172785808
246889221,183776236
265142867,192532213
435689529,178707332
10748611451,9246074838
5770856926,2731117505
5736830144,2733521544
2009912307,189765350
2014630409,171123246
2018817588,194219185
1772836928,185148249
200679650,198665909
2817070065,2749538121
2980888894,2746047493
454359430,229071557
204025723,202036906
5586057389,3750962115
4411864312,3717607741
2810396158,208401265
3794189607,3788947301
3001264576,197106845
3947771882,3718536200
3977911443,3761095490
3141727272,213781076
266213204,212373160
3786332997,3770827372
396828312,187177359
3985993767,3757586863
569051584,169976996
540724375,195523976
209950694,208649817
4044675654,3710285763
3953151205,3684933666
3893087688,3660486211
3849504629,3736697310
2852215007,219547065
2841204869,174586876
2853222313,197271909
276451751,234356762
462022115,218292630
3741564632,3739746174
3806069587,3799464808
406537649,210695502
409242263,197487672
4037410968,3822118643
3772087127,3770563876
3808346094,3788998320
3832880443,3772709004
3971693481,3764271297
779683325,198407780
3798460310,3765700536
3828684456,3803201340
3856814681,3815958805
1016688254,221815441
6378385636,3843707164
6427728763,3902824709
6439601592,3928212385
3165217622,211107838
2996960103,211360186
3905877726,3683196735
4505256603,3699522599
3719254230,3696289059
3872356884,3720932927
641014581,242181844
6565104673,3630228714
4092345822,3689591625
4107162427,3695402532
4095874627,3689480833
4136121705,3913726299
4164400159,3947261494
6507475126,3222068021
6520636862,3246383553
3753049534,3231410472
6624275024,3303053015
3090400503,215639750
2677730822,218139216
262603141,216944143
9519854543,9095032581
6653896895,3798585771
6669794487,3821402885
6252738266,3800701907
3985688259,3803952900
3709286772,226074165
3661147223,202341428
1843724298,196426416
3890567531,3736274168
3966195483,3754426565
104285970,89940014
4256918126,2427429770
1403938258,1392004001
1178337008,219013214
2294677873,2293118901
2355445689,2348186711
2089320132,191949974
4509817946,3538860923
4539988181,3585725359
4552134088,3578288565
4564191287,3616043877
1830409129,218501802
365942460,206920970
5918828231,3655008857
4788145045,3586763165
4835931451,3640392753
1675844789,203107178
1513669463,210421926
424523858,193853472
463928183,231783524
4990496039,3382539731
4994143848,3374563118
3353936703,3352378040
1584536396,233981883
4842446802,3507124520
1700192860,227925236
4774953041,3522139552
1660804682,214429760
5113210365,3559100520
4674941958,3549816229
3684094616,3492983455
1571672640,226401331
4753450658,3297232303
5174468820,3563811034
5200833219,3584780404
5056101724,3496896164
5092225486,3536016121
10367963374,8858984640
1838192575,200843307
11275262810,10920995783
6211996322,3144492051
7784495613,3134303841
6630783631,3173842441
4792496796,3133873072
2959881429,194395428
2655848125,228823409
367646325,216720803
4708414055,3342729512
4714513826,3341013768
12057607673,10265638565
1841111239,243751282
6131839357,3190120386
4805487276,3229286604
3363022149,3135742200
4876449696,3264316930
4878564258,3258551340
4890465732,3285464531
4434915800,3456386335
4642255994,3512084267
1379589498,231707772
4805497349,3533091589
1588516186,209817440
1600579672,227483969
285718312,200611522
478123598,239718220
6335676663,3556638530
5441515345,3578895189
5619316786,3587641744
5797275174,3623928626
1984870097,190867460
2019997365,208027966
1527949940,176648211
1532828132,180843232
223748904,214747674
220387249,219296259
3457319080,3347073927
1330861187,211319816
1322371893,206111427
3623834113,3328226173
3650826558,3645597060
3683865455,3680882290
3720610120,3708483926
3890074981,3671007599
2237997065,224440059
4470071877,3422315605
3563038880,3417531945
4484086111,3460363911
1217135090,215251939
5389384917,3450266823
5479849665,3472524778
4582160383,3572372983
4444181608,3570082456
4624258917,3628364854
4445791856,3617616879
3701908929,181390904
3774979461,3596746708
4928407955,2631723184
5255878943,1971980906
3258014043,1968792168
1784525409,189777288
1794204501,196039213
1817157953,195189037
1948836813,142679944
198340813,196910165
4353363420,2735377928
4414514323,2804189380
3430789393,2756584442
2598834825,218320757
2630855799,195051244
2829172617,2827803363
6110531620,3726158689
6242588426,3711097109
5860460191,3706326696
3756637444,3681696115
3832894239,3762554087
3557476099,267118509
414422755,242183631
3591202971,254404310
3804959051,3803258806
472078956,234055721
10430526907,9223937707
361391422,217477403
6646836241,3354660755
3453722572,3240940853
3372538428,3202179850
3010228757,189346002
3396778619,3199870662
3411332095,3216835618
3182689944,191742904
294665306,174344211
5710283506,2708382574
2841145435,2705500143
2777225885,2775475391
6055074321,3703281082
6071047052,3731432982
6079802338,3748016996
10341570350,10288081111
3744207089,208404689
3790825724,237372004
6611526146,3823326524
6620146396,3820103300
11814494032,8982760671
2081067773,224996998
6652611539,3420798429
3541646152,3381425639
3540080958,3355725160
3573924101,3390806132
3390641142,3346591029
5232562028,3365198657
5927883276,3123951445
6015973727,3040281152
3978841006,3019187490
4273529632,3077456816
2506484132,238409193
2506096220,227497854
3070133541,3068719754
427036006,230738113
3481263175,3292947595
5618681917,3316960302
5647499176,3359320927
3414025679,3412623933
3248458973,233758561
3271100609,228692379
3563898225,3399661118
3561582119,3340050765
291553897,219338653
344073747,194118960
210337335,168680676
216912750,214681071
6452399622,3727972469
3968902483,3798705341
3815871537,3780456790
3244678272,172556885
3806046204,3800621977
3819387973,3809846640
3079959089,255464334
265946084,222993875
4045790315,3841755419
360895886,169003815
2717838466,2290346211
2294662067,2261513774
2017205602,167543303
2038429147,184728323
2049718500,207693948
13498924392,10528067714
3896465408,3755136506
3977682628,3822706712
5875199525,3844074157
5850664239,3835888180
3909952148,157790494
3907208268,155536155
11565841750,8397031271
8559935831,6727715199
6984713375,3325736228
3043571589,187732079
3054635148,193489685
3056390228,206489352
3057351438,177261139
3076116327,203674947
1842981206,96816548
5310112997,2441699772
5415313834,2356674224
2424089189,2420612902
2464815152,2463209425
2470631785,2463992041
2652559552,225829513
2654858843,233004561
2656047243,213403329
6282098878,3850966524
4207797582,3822594062
6321472955,3865081279
4001788284,3834177401
3985870926,3849197502
3977372595,3845623615
3800151499,222203738
6252328841,2644715822
6283401305,2668014430
2553467774,2545890623
2557179726,2553468284
2778233536,219802862
2784629553,222115538
241046668,229755775
8706059824,8404585846
6058169848,3482540834
6086070858,3522174006
3886400612,3531690282
3933295482,3557772354
3699866623,3443143686
666932743,230931266
6442042782,3275092715
6531507697,3334067817
6316817353,3298617268
5110664916,3332099835
2950186256,200159419
3699323907,3271961144
5752145423,2810078603
5767470935,2779583482
5630810046,2656961883
2542579543,232342088
2533967128,230368382
12644792751,10076271437
2842242444,2816650560
5578776474,3261515349
5596346087,3287372640
5645153455,3321919917
3519442875,3287616544
3578514879,3336352202
3615410237,3364991351
6513707825,3778728301
6520775817,3772411732
6517543710,3774065545
6130346917,3785883143
3537638513,207794861
245068185,223751196
4063974856,3770284878
4097449890,3767723770
4162601277,3795887664
406590214,187874272
379473732,161423941
5243938342,1875527065
5200670631,1841063099
1472093122,179084696
1481085139,200375023
2033889407,1809715441
418627083,216259055
4527871452,3238932313
4560730688,3244106277
4575446700,3265232115
4774333640,3284505286
4799526794,3318040621
2827840677,200390297
3485056628,3281742138
3199092630,231158865
157404680,151709992
5203494803,2236568220
5212144762,2217455928
2000432417,209900817
1772970046,216634842
2452714708,2450058041
5030723030,3224652785
5062445010,3266690116
5090753773,3290762914
3409734252,218450771
2996322334,222630748
5361060942,3361443333
3770908610,3168176806
6988755147,6810005659
5180148250,2181346907
4746390028,2175074951
4478253765,3301520464
4496789490,3304610982
4535642179,3339605083
4256630122,216634584
2767245193,219937197
5151809100,3317727182
5196681918,3360498691
385813965,187058425
6275516420,3739980525
6780860440,3814150028
3933242567,3789129879
3990737603,3787617000
4022736497,3725991408
4168941371,3766515245
868018470,181753065
521545164,219338865
6314987571,3321934777
6502862991,3348730961
6438014420,3368606835
2555454597,239433744
12307694204,11119943913
414545241,221778350
586197602,219717883
4217899247,3422159297
4082491024,3390414721
395547861,217412895
382475737,206844310
227130869,225717357
5873480086,3778001519
6157388629,3829229592
5735981135,3829770251
3734279924,3732579583
826605653,209805464
3081398106,221601695
3712624502,3711473082
756648428,211741644
3800320369,3792673920
3939994551,3745795630
420168163,225835288
419943273,235852564
412728430,220594752
6227325108,3755234538
4022921137,3676857205
4444276756,3710723817
3527270678,202731127
3871045228,3677440271
3840087720,3695375073
3099062093,219393474
6606174637,3280359399
4118079238,3219712029
3327279922,3181084714
3354460882,3213091977
10992650703,8806738458
9393640697,9194965969
6059191674,3141462285
6068079640,3167414121
6080534174,3180981789
6094324366,3191411998
3364518926,3191030717
3039456020,169614089
296840638,204979579
299772696,215853077
6628182173,3765972616
6635170854,3759000512
6200426444,3742447810
4386423646,3771806272
3864234284,3787318823
3472182736,207191784
3475502749,198722521
3479540938,195235485
208926227,207298342
4044139500,3750192692
4065895488,3776496538
272779549,184089721
274998935,178295840
195264265,192743036
3793146240,3693897392
3701893272,3689636592
3682728808,3681161787
3710426616,3708804290
3738434823,3736707551
3523035457,165294814
3629757846,3625846148
3636171302,3633501536
372302465,187979819
381345353,190155205
6670417337,3320153318
6708164531,3346627664
3159072091,199206263
3592804175,3412712790
3624729032,3426650743
3164435334,215984811
3826052757,3442700505
538867989,217061286
373464108,200804719
556062143,209901300
6423903820,3440071688
6370703179,3412985222
3717562174,3363579514
3089808938,193225324
3568506126,3405085494
3122969025,226310716
2673583035,224175183
281175231,190050075
3638595292,3293962811
217375115,212317517
219941740,216801057
220452782,204563491
239236757,227713231
406522565,184904320
420811023,189521879
5265588267,2507183777
1507732955,214792488
1529539553,209030664
1713762552,227101883
2656460841,2557690075
2862815218,2632486547
10167704752,9919548237
934627847,186950132
750443445,208799889
768618246,232504490
557409740,188756821
4978025964,3649106841
5006000914,3693464970
2262194157,185348444
5200431664,3720062673
3710424165,3632445246
4508238951,3768548259
4218868713,3657550194
4054357905,3691956934
5613100465,3360487306
5423661332,3375486277
2522005087,195743996
3743215472,3400076139
3794569472,3433598757
1899510724,216807895
4748053602,3309242902
6090904201,2972240305
2689794920,187651256
4663375412,2995984500
3204302044,2999926508
3205426835,3020499568
2862944496,194659692
403237898,178655947
4806691797,2316053489
2012732115,205018232
5016204948,2324647672
3775248465,2313916501
10978777487,9510723737
5409663463,3591090402
5425465579,3612877932
5461052425,3630515020
5596227818,3573562722
3554006939,218970250
3556239528,213023015
3795834589,3583811605
5680862636,3623505227
4131033051,3261765108
6604271939,3291755045
3322026944,3210883239
3359458655,3225874576
3402827589,3244218401
3079650911,167030519
3091183437,164357584
3162704829,3160937178
4127021688,1218006866
4891566432,1992528682
1869192370,185570035
1891577421,212120559
4922208442,3250229117
4934260543,3269617705
4985760005,3290097780
4993949683,3290541833
4173085338,210168841
3249311395,210369587
5217237769,3335166716
5246502950,3363068097
298782788,146781518
5754125767,2647658912
5556872199,2612956388
2621396129,2619903972
1970059204,215620395
1984221336,215196360
2728484765,2722360165
2731236093,2728671730
564037370,212918539
565181964,205618158
333790687,216714259
352957184,228765798
195010064,193607837
5374906413,3633744797
5383314852,3646883694
5412105819,3667011933
4125502673,3786012996
3732593170,3730277956
3788425186,3595918779
3824122842,3625093710
5382254549,3210805795
5841218302,3284326693
5437671710,3257734638
2233767126,223476290
423456945,218016660
4263399124,3321425185
4274072956,3351338267
4279283567,3341083437
1214490670,233036006
6002628907,3681165199
6193416796,3712738152
5653062465,3668307784
4949735475,3748350714
4226233608,3784695904
5027606798,3810647593
3975916624,3769339278
1158919833,219368402
5392641705,3450271797
5407915684,3435299997
5427051769,3458132129
1950568261,221127795
1958525887,205518312
4242458123,3306813561
4272080614,3346994465
3277995935,3276298950
5362912584,3621486970
5369280179,3608330738
3736375253,3542584655
2533240024,209273472
4767856047,3574392951
4782493936,3610801107
4805021033,3577084799
4824420343,3600856195
5669602011,3245296074
5471093580,3292187480
2241696847,182604590
2251157690,180232568
2203168237,189543941
219846515,218239888
4398233988,3306741744
4407650413,3317578042
4360858700,3334091092
962559054,223648959
5364491410,3358522048
3356534953,3339741589
4006779450,3273209540
4010634279,3290983998
2518526727,173265424
4089291313,3353804325
239149666,217964650
346269296,205304301
389325618,228029567
540007807,217361775
9668350387,8653157019
6052844724,3496697060
2078868238,181255360
2042036132,188405454
2042833101,218325028
6364724175,3620369218
4589843869,3626790888
733070134,223209375
498124685,184285856
697399176,219935143
5071191524,3645765957
4228227208,3656639093
3884848657,3603491574
3706725444,3567937542
11232446234,8856727931
3443879158,193260769
1077640670,197288704
9825444683,9041338708
6181127082,3427091718
2458541515,196169785
2622599443,198760079
6959845762,3465296367
5163466014,3458028052
3953903737,3423860111
3744181677,3430932066
1233899826,194124421
9508747965,9014372938
5838482067,3414551646
5267315965,3446772636
3009374175,196443798
4502158506,3475537947
2767381151,195279930
4290618979,3422231603
563074127,200168828
4126494243,3421402453
3820835842,3458689215
359107877,189794144
5379601464,2976339566
4875505757,2787099294
3084296168,2692950704
2300706939,185563268
2306462712,183697880
781548430,183195411
2994677293,2719710470
3019353934,2739503605
580951596,228666582
469946554,217704609
5457434227,3349678552
5545153520,3337736061
3477080587,3285246396
3525828653,3342593583
3382521304,3257208404
6549206901,3725580596
6563742195,3740580461
6728426436,3646098741
6754117720,3703734699
4082579106,3673609604
4181470712,3690584521
369536602,219015528
326939177,228572620
6174967578,2888276815
6340530214,2744086273
6270781016,2760349610
2878783308,2716039127
2534235442,218000112
2552990392,212958417
2616008540,206013583
12794226235,10482523519
5583428945,3259068901
5601209242,3267391618
3567854832,3301598885
3370935438,3202639514
3193460672,203674470
3448915729,3268080866
3095697758,199324138
3562755586,3302166876
307454102,231298876
340073717,213053138
307108375,230590260
243074236,200508819
363522482,213018341
6834236159,3845878608
6854641942,3825962399
3970836539,3824433607
3938087431,3840931153
3190929960,229917291
3886880071,3751350063
3989845532,3768668097
266997660,201531107
5715304788,2830055872
5318639677,2782926958
2232060780,186760319
2066699981,208142027
2459588409,219455896
2941378774,2864184831
586134336,226706799
547003656,190780309
414575843,215653499
405886101,220322330
408927139,231859572
379572425,217117574
425058857,235311347
421880114,233633071
347642059,180378251
553771132,203079864
5501255327,3462389010
5554515705,3525649556
10640066008,10457433834
3252525416,227226918
3685979429,3345331894
1355103106,224373726
8254761345,8182520031
5393318027,3179406554
5452793882,3184472132
1805594842,176189275
6101237001,3300061083
4453124239,3269080782
4599033953,2989048611
4604239657,2986446174
4824915211,3011464042
3798190317,3031819232
2161927657,204608490
10361060324,10202727799
5970432997,3371950488
5978943234,3400079427
6023193262,3420990292
3798539017,3420833490
3848363750,3475389380
5934481458,2833565253
5728746845,2809140314
5913054973,2852571198
4764313637,2826030125
2447558729,178852313
2504457039,203503738
10253031243,8639030489
2680702904,224253557
5824681721,3298388096
5853509676,3323642673
5863931835,3328890377
3329515653,3305433575
740685834,209547542
3358556900,3330283443
4943173080,2474389718
4775722041,2144360107
4777609686,2116118210
2231305495,2157781573
1986339583,219183323
1995201498,205265625
1999255824,220394642
527292106,225403809
381728004,225380340
5107017579,3324304604
5123769601,3360283353
5160240500,3327502936
3407820770,3300035465
3499022423,3339703353
3302853900,3292747110
3068700412,201795684
5751675043,2701500976
5773273758,2738113266
5722063222,2701781608
2635910133,233988490
2657099329,221786814
2810355144,2805649363
2811663111,2809840005
217255010,214855601
246725754,241480545
422471488,199503894
625949063,223369223
5786461178,3372183262
5818471386,3409171122
5816279851,3370518837
3537316203,3365888405
2413996623,232203324
349159209,185625966
3381656493,3370846084
548382489,199634010
591947532,220779400
531543360,219143088
3827800939,3428638172
589236378,224299501
600136084,205546568
5604955064,3014473380
5175264481,2997936844
3094983884,2765908767
2612519276,2415009850
6885604087,4308909230
