322298378,161036501
421287054,292861911
342195991,309532776
426631212,296612341
387749130,238924253
2789363831,2785443367
4157635840,3968053587
3960576500,3939260971
4325437725,4035739154
1597624853,219604130
3818049108,3790241858
3822549856,3786676512
3858409397,3838207260
459684348,202260078
5090950487,3376385345
5946425863,2631644630
5270437794,2631437778
2215861429,196052672
2863902098,2627735899
2872218366,2597504111
1123140799,210394515
2014085930,235410574
488570669,163845640
4839206107,2835051701
2992923281,2679186215
2674558460,2671705136
2883588316,199432210
2618697248,180120865
907979432,181893016
837385949,190492623
738393375,224344544
5800574491,3222980391
5837085323,3270844723
5838268417,3256977264
2474024396,406172388
686049557,300024327
4358354140,3637707188
10246267532,8228101016
5898550749,3579100847
5905686152,3611601673
5988538194,3643977435
12176071494,10137126046
3290576788,230008142
2260295650,223231037
371804863,231699361
261944043,259818186
4677364418,3460267122
5221774756,3443266815
1338345909,194718216
1494929522,187500095
4999157850,3384954504
5925891805,3436292641
3455326284,3419135298
1868717077,196566520
3627042147,3475661430
470968583,213375825
4195680146,3591919531
1105799711,214369588
4730395369,3602375559
1840046578,196470064
5854794799,3626645241
5274783222,3667468859
5101900930,3668283010
3934588129,3684449041
5410082524,3620609737
5585263389,3537681243
5832127092,3557842386
4776380115,3514661624
3373139122,212762965
3464028696,212260894
3872459954,3559129523
8766542041,7867383354
1928182997,220255045
1939181937,242908656
9364123380,7904210646
5075065346,3350840361
5137456848,3424634934
5162732639,3333746308
3481084597,215145504
914115528,218350450
5622712110,2972256781
7240173536,2982351323
2107891499,199808938
2116065810,202770853
2124816920,201241520
11070092306,7904493981
2071869512,389108269
532942318,392582017
540989868,406307544
462873702,254061621
479800510,287887914
6393983316,3258280184
11020465754,9879319641
5497118770,3808162883
3671093987,3531180008
3708260475,3476695671
3543466427,3458599157
3559056357,3451934443
3567481404,3487985457
689189797,284379288
529317086,249318626
6221500577,3336111134
6231210006,3331522850
6297127808,3419446583
3173812518,231351032
5255522906,3436615278
3564681335,3347135903
528977674,223006336
6244791786,3304252745
6043313749,3293464179
6046636491,3333360219
3012014410,220016831
364831299,222446156
3823512725,3278002581
3793501270,3310171228
513292585,298505398
9636189064,9342042523
6172836352,3392267785
5825070430,3376133546
5841650834,3402578208
2381427620,206945159
3666315783,3338482024
477019923,233193028
866124810,250004553
3578041787,3352743373
6338513789,3857293712
6387480561,3818100236
3421688457,193972569
3624232010,220627478
4199853159,3774974617
4175652315,3787789562
4003391742,3791027899
3946883342,3796597992
285967563,168632854
301334578,160948260
249180186,175148843
494401853,221588893
7203555683,3821336995
3822125491,3686991679
3824157896,3764971711
3841248533,3793608645
4037189017,3769160500
593211730,227672477
3818985114,3715091008
6906736399,3727110895
6679182023,3695798354
7145783687,3727773951
14682685336,12182549348
3931961236,3736687833
3633667944,228252404
4102889737,3769384954
4131923640,3788120262
7240280078,3818737282
4022071691,3808937160
3143422724,188824635
3937953464,3844521403
4038873125,3817131001
3908350685,3735136267
3870598074,3787002947
206741493,204956811
224544186,201049346
4991269802,2253958986
5016374770,2283330174
2193494631,2162468927
2036170156,244997228
2038649986,239603098
2045853147,238310260
2090374488,226432023
416036882,220499900
392304161,208749761
12004440849,8552197070
2081767022,209835534
5278779022,3446744242
5297833839,3480606701
3662017824,3398209192
3640064867,3369116101
3121247888,193904934
2915240991,207398747
3539528197,3537857317
1645244675,304148234
313168338,183994777
514908590,219194989
269454364,227261787
5802706144,3748346475
3799156987,3629768639
3813653250,3675812948
4913807383,3750753781
3723461924,3592497561
3094641455,208883095
1197534785,180935991
2688431471,187418860
3898653752,3589868360
3520734866,3253659565
4137457713,1231449491
970888774,969108360
1167801262,170891063
1176834922,196102322
929775687,199916828
378026757,222176055
4262095619,3270374513
4334030524,3358818202
4356381567,3356763158
4397451028,3429392652
3292776418,267654849
4561663325,3372834555
2924154712,231026468
282188006,230165260
377267644,238310550
3567786020,3417990339
383423821,219802559
345156262,216535392
377266274,226920108
380309907,214482021
343926894,216370057
375820015,205264991
6522800508,3495656126
6102107786,3394642985
3290103841,3277967703
3247495599,3246107068
2611579522,201741911
2664883463,235557697
3413123241,3265951763
346498368,209111642
3457683831,3275782857
404401411,219466560
227825321,225618884
5776681377,3349836054
5845153635,3413732827
3511115271,3315543185
2930311451,188949872
3402371911,3285638392
3418412580,3317174533
3070860394,202611348
6458633503,3780897544
6167594107,3727781110
3705935044,3704033346
3775142122,3771117701
3791001226,3734807698
3814166818,3747451234
3599339565,288480132
457867503,281096583
9681737064,9569372678
6868166647,3549493915
6893381442,3592628744
3686871163,3556794332
3575212951,3515584935
3597059742,3449469119
3424136701,199835496
1208824759,209380662
3405185200,204289337
273153590,206299195
278838040,202103738
305097982,169585119
4850720132,2421285840
4827222051,2410559930
1072855649,170655637
1083021974,200145170
1101930602,194237682
1284244564,201313573
1296756765,206140799
2283938911,2142846222
845222822,202156510
852971518,202080678
642138555,206785343
4422570090,3529141946
4427979327,3539651970
3682772620,3539412294
3584509169,3582715212
2663863673,198556065
2290069284,206592154
615443152,232357621
4429410289,3797962690
4234036298,3806709794
3981828786,3755213358
1350807213,187825628
1284490437,182829781
897089620,190987100
891684221,191880044
5789737618,3540883750
1628589043,209977651
3955000720,3581189135
3740582689,3563579712
3735222283,3532040820
1547220334,242405693
685078331,251441792
422455716,224861148
404561577,220900012
4581505530,3562935253
4306889872,3575221812
1897773463,214464160
1580323115,205067054
1335599883,214422781
5189153058,3597533141
4746860920,3448785357
3613362329,3406521425
3615073066,3402006769
4183137188,3441363770
4638201318,3515890858
4523187449,3539183689
4586990568,3591386361
3422022322,185228570
3965605335,3542696122
3496137305,205345508
4796919333,3582992582
4445919585,3584411806
4031628772,3222248946
3090552852,1749089992
1898199503,1720981502
4433665691,1825570462
1707371635,215554418
1732746748,207045820
4214896718,2732035858
3925300539,2727262964
4299896464,2799320363
4353830578,2865831694
2865567817,258417620
5357709510,2727036768
4950748571,2682028218
4952332509,2678932229
5398722128,2728214803
221827917,220241686
8883601374,7371258390
1969431838,170599766
5782000167,3258282001
5785882032,3243204154
5823573875,3304863747
5827931127,3297020849
5399426725,3296949530
3422403686,229776669
240688295,239223915
327889094,183211818
543253985,203102229
5362604556,3372321376
6442640045,3513269494
4694913701,3501879700
4873599588,3514216471
3509528508,3507964484
1518112018,181394373
3737002923,3494045543
4598297028,2817195363
4677046876,2833875458
978179842,193645786
1201468147,207851147
5054871882,2840006115
5069675923,2866406919
4207493223,3411601227
4234424232,3430721107
4240419890,3428847362
3140989716,225694844
2170592996,221527144
4475610989,3490863321
389945123,217935925
398572059,225985819
3476211686,3474409517
441210686,223858638
4497617529,3552227935
6068882833,3529925768
5508399459,3547911620
3647271200,3480211728
3146935127,212032776
3070348275,212134096
3681255925,3478035251
380945032,233320749
436147170,231263093
3726390376,3522829389
5961524077,3842589950
3995195783,3784599999
3943138796,3794390275
4032152751,3767155035
4068220918,3787423801
3783614389,231327913
7391287916,3822643214
3953897716,3762317300
4075919302,3790112610
3948738306,3785093052
3940316842,201272249
12108547002,11919606987
12593083127,9645724581
1341970738,227889945
7072794499,3371215438
7190584400,3376065937
2950697206,191326714
3666643056,3331808328
3676465470,3387997469
2254578481,199209899
408124803,172830333
4274190973,3163394910
6372953051,3528892797
5248899344,3497912450
14795327376,11233276201
3517344562,3515771022
4158276058,3586122733
4174979486,3616545683
4202019423,3621701127
841699032,213096726
415647897,210628083
6613651614,3339459064
6336531769,3328806784
2567913039,202210981
6081306224,3345783740
2350916091,221020400
391896556,211159132
223467138,221857569
233219128,231614398
421428642,193575948
4222823124,3382714647
4404939211,3420857575
4132852737,3433658983
242697155,194283639
268803302,198358544
5064257919,2587763208
4856577193,2539899960
2031181353,1988749750
2149061022,2072204001
1803116884,183494661
1813846770,182228217
1815453304,219054634
4814570307,3203882476
4856817488,3252719426
4868528802,3252764611
3524471478,3263862467
3526325387,3264562466
3100251530,229145594
427954787,232886970
3346463180,3327500155
6179658946,3326563497
6182585064,3320975264
6209968555,3352001214
3244755511,243559775
3517016890,3307053614
3564585179,3371107795
3492523021,3326952211
191470962,188537205
415491747,218862851
6127358377,3311220602
6397312050,3358651807
6168168178,3376494022
3041327115,210330170
3022300768,194951770
3511405264,3316585056
213406914,208347354
220175840,217790166
3533631470,3327063438
450911596,223554665
5794846685,3332937102
5757495029,3353823528
3510066318,3348822437
2535769622,217103576
3588442131,3346236209
3610389755,3363831714
805578710,204470737
856464704,231592142
5810218344,3325082571
5881810704,3365180972
2815457099,220742533
6059648430,3383320424
2793405296,183045349
3904092101,3313309099
10774045390,10585716468
576119812,193461353
599037571,220269838
5531758384,2853954343
5210494756,2808339074
3232242571,2868923897
3287410154,2916340912
2570940098,206731729
5811773800,3693095445
5817167132,3674200271
6048861043,3670176132
4224722748,3643851257
4304733712,3714945733
10553066715,10153603233
1027565392,186321977
1131298158,186401942
6241903146,3298940056
6896964277,3332346143
6517977621,3343520146
3658549001,3297440045
3732925109,3401923987
967513400,246916163
11718166416,9579560910
5834462980,3481636149
6328773598,3436141605
6265667406,3429724571
6642171941,3522057640
3980894098,3501902355
524856411,204569356
367075985,269123072
4899939756,3613917253
4938731184,3641098458
5850817878,3453376542
4371950942,3476708042
5945982661,3515585322
2405430380,210738173
1606258319,238703655
3953371821,3466803425
619106520,233294436
4166632895,3338163559
4216148103,3369152341
1882213041,195514733
1554656281,202046433
1812535004,230581236
5612356351,3420907782
4746673085,3416424929
1509581507,196961147
4047086003,3433533831
739862701,194575916
5104591036,3475758030
2015460510,201335903
3802163915,3446254780
4572642622,3409809040
1418260544,209637534
4285382890,3435293358
1170108726,177996030
1406322204,218182597
386624251,228248761
5250332161,3425464131
1806310230,235844453
4537089876,3441497454
5552342038,3480039917
3741685578,3377682455
10791116435,10682416842
4825045677,3279870016
3386840749,192549619
2611382264,220833673
2457755725,188997584
614533657,198216491
2444609299,211169780
396234259,192282846
5525380747,3375949952
581099978,224500472
280139556,218607030
5129512248,3464327875
11838620790,11003765628
3718192323,3323411411
3530709117,3250578000
3476583205,3246251357
3300515343,220142156
3078185555,218016124
3690249941,3188114689
723886524,224066270
12062084723,10496948007
6355602080,3489505927
5890631747,3414163921
3969111511,3458297792
3982058344,3493842209
12218350531,10543754000
2021076303,197307158
5081974665,3405569609
5944635723,3482646614
6575580379,3441436548
4200759036,3438251984
4370101968,3460074136
3404902580,187015569
237032372,235088896
4950354210,3459743172
4984701371,3500965720
4967048398,3260212486
6602993371,3284315469
10485399052,8815427969
2816382553,246417421
4748597481,3555253232
4752343937,3566718396
6529833568,3514341924
5259790696,3525961606
5274475908,3545736019
3613857663,202605605
3706055346,3501371478
4952406668,3266022523
1478462833,220266702
6620482101,3426678700
5177845071,3395799840
5185127177,3403025928
3389064067,226390959
3426867302,3425285875
1765042240,202944015
11399898810,10837045306
4288153800,3034332083
5101006953,1958962004
3499081903,1937426504
2069767097,2067724369
5274636868,3708874840
5301387101,3751435402
5314536305,3744917199
5341714523,3760009914
5361401987,3803263765
5481699050,3837352385
5057165237,3830678588
701077326,188360298
866315740,220403532
934467265,216606235
3250858108,3247048007
6996251949,3348487730
7025095094,3359047719
6541221282,3358846529
3374969386,3373599753
2915658837,235600246
2526359528,239913266
235322382,230093046
3675937216,3301831413
5345223230,2866778596
2831315090,2816966685
5134063605,2862950812
2756288550,305739111
3152769976,3002796487
3159779275,2986961103
1898557686,315124478
360361772,188406694
5328211883,2861551501
5335010507,2891940780
5343364151,2862504087
2952609780,2768541043
2516282971,230903791
2523745971,228319495
388447820,219430886
5655640991,3336243909
5695255752,3370641586
5707043441,3399403100
3562757236,3388513117
3548422246,3373991320
3344862168,279195730
3382410596,239691860
8864439521,8677050765
6429996902,3289993564
6164348644,3271200347
3364853157,3269982103
3392941073,3279839968
2965409772,189222223
333924887,193528813
5743955220,3584450779
6545019355,3775716326
4210076082,3736189033
6440723467,3762207009
1035460264,230808885
3884097803,3878336028
3910132374,3907806576
6011340240,3502846333
6515646539,3516855421
6525934999,3500340915
3696613407,3453794087
3198019413,203264187
3850015101,3429867581
607559357,207685692
512325859,200600414
11267964824,11157432848
6007549593,3483316615
5758078638,3465745873
1840189186,204920045
2081365602,239037323
1689900257,244490321
6464612609,3362464037
768883308,202957263
1159110686,219240847
3749055775,3445885617
3504593556,3370921970
3539315869,3396165003
310654928,192593142
517492805,216688037
5084984054,3438536771
2184238067,185785253
3775325919,3371415249
3714621842,3340852823
3459646315,3350397605
2835346146,181100900
3666547741,3346546044
1461824967,195786384
1257903947,178528633
5749749804,3591203273
5767756890,3619762940
2623549335,197759869
2805020727,180800972
4762073090,3694093939
4061224434,3741792958
4020322078,3682220188
9733652269,9015410855
6167137480,3552887533
3985117652,3569451166
4426855556,3527880789
4122411298,3540477174
4647091946,3610910692
1170301988,183137540
6343996962,3673925554
6328695397,3678949253
10317005936,9979848847
2834309871,240303920
5505994768,3673936426
6822716659,3759719298
710318059,200826143
938035123,232167736
4947362996,3778988952
4125394636,3761209104
366338188,206253402
387836858,214712055
383695016,211691952
161704079,159749257
385433244,216894642
6039982649,3444402798
5824541132,3395525080
1970972087,205268270
4180410355,3663271773
4374672470,3661837670
3738025920,3565189604
3740528920,3557432887
5321674412,3550304604
2346612733,215680926
5163394090,3580201017
5130317518,3592413857
1743152811,221601236
396523127,198614091
4491300590,3392315859
4691727189,3336155831
5146170663,3360494051
5504848781,3375224218
4851706253,3357141327
2831645571,221345908
3576874215,3384812751
2006312517,204423251
305045235,216052633
4171282492,3376573086
959367695,216926033
4587238986,3402938036
1183729670,190310116
5634430330,3420425595
5150291330,3336664834
2391913062,194289472
2144855721,213836756
1570115886,218762077
3493411579,3413308720
1976243144,242315039
338261946,151390599
158255832,153986513
3970945057,3236740840
468531827,185780247
484559460,197094929
667447588,197537294
650377572,184001024
514423463,188609173
4337712133,3149048202
445317045,178373849
687036775,234794162
3348615922,3150619112
1894474830,198703942
3589432232,3318483153
3628125556,3316489981
2499087939,195132404
1399675157,198746134
3682519663,3419470770
1356607441,185112978
3798109770,3336258904
11972306409,10547620038
572987592,229556253
5068289266,3391817575
5348201372,3428529125
4178356610,3357184045
3901216377,3386635483
3552468393,3404779671
3596293305,3336513297
1121512902,219859731
4999462826,3377835418
5122182973,3450727753
1712013652,204134799
1483751146,212665157
6399474603,3339328937
4671732438,3362084271
3417059020,3345404216
1865794573,231951501
4863828967,3349014247
4627188333,3360419014
1859355728,196247427
1967351556,182098970
4667009791,3317454660
4740544083,3319516454
4630192478,3331539201
4758848608,3304977297
5070852275,3340660995
2480123533,189885626
2619294977,187754570
4794704126,3288540059
4655611126,3314016034
4687431390,3274706382
13628036800,10667541286
6071628322,3428258523
1849720368,198430874
5814922348,3439288811
4154462792,3342711590
4615237912,3367651281
2846084064,180057047
4102399054,3389791681
3899901441,3410067144
5239053408,3593381369
5805733318,3589972202
4586866717,3414934109
3822909683,3515408786
3366475152,3364998146
3430018764,3428499511
3390491236,218710498
3396100048,214727713
836640929,253273167
235578250,228690459
218999279,209367026
6606057338,3335493669
3327583842,3308179399
4945925092,3330004751
3081772164,202237329
3502298229,3301359221
3522715233,3354321571
346781447,223662695
10107168478,8751139680
6165655066,3051656845
6039876281,3086452047
5993881977,3082052161
2570035321,224917410
2594207148,211671008
944078177,212349824
3102013772,3100616688
2664953413,238974889
3232538145,3111767826
262592328,232469088
6193149271,3853715654
3862580777,3852556574
3747599629,3738285359
3819929722,3796000518
3824076952,3822908556
3845819732,3758240472
3883882109,3814285931
5649683138,2335675881
1817829197,221672187
5867263445,2306434377
1834859356,203241778
2511122635,2313672412
5884406003,2338540373
247763403,164155594
3894812327,2282776058
3908463087,2292427665
3750849907,2098260078
3779373217,2146807534
5020067967,3223435097
5026558683,3188387365
5035090576,3235235057
5044060207,3225750473
5048977385,3257335594
5050527406,3238340892
3421423875,207597002
3120118075,222202796
222221760,220971398
7023423443,3804218995
3798269144,3796939827
6759069646,3861640085
3824623924,3823022317
3913485146,3788123481
3708631456,190161007
4015919629,3810310520
4014983167,3799670258
4773295808,1247591022
4742885648,1185660786
