163040033,155673702
277170476,270787087
390767050,368924258
353117185,333226645
321781969,298081731
3881474773,3879421193
3885792929,3875540306
3911473471,3899631167
3935926500,3911367738
3908101242,3770422981
3981729873,3841049278
3921232129,3853957787
497481407,197701923
498552622,190490536
5643319384,2436954673
5667861966,2426901076
5719349568,2483262473
1562987683,203215519
1572563519,208685866
2699422624,2462347888
504252306,216821028
525384271,233875961
4635369544,2891638708
4654504895,2917772592
2876457386,2840285566
2208010871,211173031
5488680276,3257523988
5530138028,3285412470
5537782677,3299074954
3414607484,234745903
5308535434,3313907807
3438078017,230206447
3261784425,232204895
391621199,225553331
340684463,207076727
9777015060,8016913996
1712450835,190761507
6245199809,3444341229
3498886296,3334012400
3349166268,3347974317
3554901761,3391361755
3103606425,242579086
1753160041,232489500
11876920008,10148894261
4548541792,2830571450
5023752984,2095089223
3537973830,1961735294
2060919677,2007812283
1772752312,220019116
1782484094,209415785
924571428,204470085
1841714729,221757102
321264285,189351380
199821827,198253685
4380494548,2801652720
4401199604,2817479857
4405324098,2841924041
2506518823,213530382
2983520621,2873960454
3045613442,2879865306
416406876,230325559
5566979966,3266157553
5624212770,3319172483
5647779290,3331361455
3588500487,3338277697
3611422895,3352330608
5840474573,2851689398
5824817976,2816969582
5796522952,2966293179
2929895183,354641546
2938737267,353092356
2573055719,227928078
392092977,233573226
9937554259,8050529099
3099215455,2950104208
3110688078,2967418088
10697632078,7743226675
3190135216,215249884
6026391892,3263629551
6029945163,3282616645
6048691317,3274965669
3423348291,209199626
3438222661,220812133
1921423667,198998021
1680392472,209787305
211158704,202511881
238745234,236463350
236060502,234644861
424962392,183370134
447391309,221264841
7057245122,3219834339
11522056711,8759679517
12373807857,10034596412
3307889873,3302811313
3456850019,3258286577
4305150848,3531277087
4327705726,3558341751
4358559275,3579532429
1283373511,202411411
5912821933,3537527073
5949028616,3509852155
4944113903,3492863834
5481375246,3512895117
2052239281,200437233
2220906445,230559167
4922897624,3530988029
5254942972,3417884655
5344539065,3438255868
3357777074,177172680
3611455062,3429865647
3660327187,3501778500
3601053931,3444294888
2132828597,193205854
5358300559,2216738823
5543188301,2228976006
2258996151,2179359896
2046384724,194356013
2051658709,230901246
9251587068,8167596031
333869346,223861810
5152047587,3335373695
5153407795,3308250911
5181639042,3353548833
5214688562,3374475677
3415628436,3293667973
2982342240,240879039
2983534598,248410106
406715711,232486006
392579782,243863476
6064848215,3312640399
3297766535,3289081061
6088715781,3327354544
3236914116,238246918
3539823919,3355649531
3022256528,229554632
323253710,214285576
3527830445,3343266137
5625653016,2841445677
5875384483,2866134127
2808328407,2688211128
2867151904,2750767657
2585111098,208048441
363077271,209960642
10052181121,9992122880
6172982538,3768982705
6198480203,3813624711
6216344972,3816391674
6242885960,3847342933
3913036944,3769964195
3094093203,183339813
4186943759,3848362850
3944380723,3872618769
6685517748,3354687838
3370198691,3368170477
3160772129,226712157
3404428366,3403121551
3432490962,3431154663
3511488777,3333151585
5288870048,2325760771
2133488410,197885217
2142037776,194631745
2148090048,220510492
5254390851,2336930298
5111589267,2337178065
1880834924,175894940
310437369,157628553
171366976,160195007
10743192615,7421549461
4445116041,2513250466
3780367616,2493884623
2318587238,255269404
2444365119,186960326
2002210850,191630382
507254052,181173040
2659939414,2656771227
3820908963,2608351481
3828421585,2602661077
1458196809,200190365
1462637852,181033804
4808567842,2769132767
1126122650,214319464
3044377730,2730378795
1260235813,179126083
1459676350,178324955
4593183814,3326081773
4669546335,3394925538
4662777961,3359476976
4676156182,3355550401
2170657953,199049011
1909620746,151956948
2116297510,166218080
3965710007,3047862509
3747271334,3042191937
5092152204,3019001238
3416347111,3088443461
3460148274,3152546847
3462088839,3158570094
3471229853,3172188816
3509360211,3189249500
3164886458,172517908
2483144986,149845593
3195503680,160712216
741481471,148947447
228905817,219017015
237430006,221415911
249646928,226224653
415016290,209986238
448942927,221959116
450847044,226982619
255532024,211993677
280830036,215245424
5749697143,2751015672
2816343152,2791791052
2818542529,2806829640
2880029589,2874216407
2186131367,212640846
2205250609,234176390
514962648,198863312
426621187,225760525
2914106849,2857355961
377899013,191987791
552375195,191293160
5303342811,3327271027
5321591957,3360266317
5388929763,3376934613
3543487005,3318013864
2668849707,208415037
3539059813,3367129374
394498844,234275656
393945368,210727886
3732401994,3365463201
6537164787,3767848977
6587322938,3779538234
3935505028,3744525602
3277331847,202222582
3884752118,3755577874
3889147702,3732501390
3899470449,3750577911
201558181,191397758
5956502555,2775762181
6132303658,2677681519
2851640540,2849348635
2897726830,2894156719
11447875210,8779161664
2428464834,213761207
2248116156,214099515
1654330904,178122329
1835989309,215278691
588215338,224912136
581240586,219652394
5432734301,3356779181
5469270745,3377798863
5501694968,3418005735
215145022,187060159
714272380,228649186
6190778123,3331272504
5789038655,3307101460
2640825689,2285066066
1427302853,208848768
1444047170,194358909
1451180415,216075593
1259743754,220675799
222869456,221350519
2784361406,2306256072
2785519942,2292461606
544568809,185039305
363296222,224083570
4601360954,3362154588
4644916972,3417589505
2848035247,181707649
2857915765,199347462
4412404069,3381256872
3554481287,3382477587
3725902281,3375628102
402646930,219253197
3509394884,3363307931
616462738,207950944
735748562,197656572
509666154,196534952
5734104814,3304710363
3474946006,3344025546
3531378241,3367765441
5833750475,3390519911
2843366125,231957688
2725477400,230385745
2722737363,241769242
232939910,231763092
427732770,227569519
409297073,216737746
3726456347,3418035256
3748023375,3456206909
743511039,198806228
425031789,215592450
6039084922,3496428206
3472374867,3373547782
3554498600,3377718960
3454488019,3403233033
3844147729,3307047290
677926701,198628455
3552894185,3337739075
947793431,220628462
5949568823,3710810173
5999442383,3766189355
5640100024,3747548220
6119147535,3795364422
2661572439,209561743
436603369,210002368
4291180764,3796424393
4490041544,3803560045
3842702149,3749329886
6086374774,3356010439
6182527249,3380905160
2936550802,181737421
3563027349,3306365331
4012286188,3274775052
4052562727,3313941696
6057929208,3370571996
5854858910,3312055181
5703794535,3323310878
4095668159,3385078104
4196759194,3481780670
933591145,201433104
752367788,211816615
9215195089,8693281154
6160893611,3251316580
6176283138,3304542911
5330359980,3269980638
5821731795,3334321687
2318174174,239844147
266661213,230225071
406087346,234178499
453825253,232417939
3802019768,3253696415
5840944044,3750747651
5856510772,3786313979
5797332487,3753983506
4523291980,3785263821
2977522830,212874203
211591034,210132888
3830031555,3671806820
3989868563,3573763617
4227860983,3604480013
255790861,244596074
6398304428,3415357247
6684567344,3480263367
3548536106,3546586077
2710142848,227521430
3707164464,3699399207
3765820123,3762444302
3760208491,3755184170
1139449428,192258217
3688659232,3663627791
256097961,173689864
4635810559,2380338625
4458363983,1962690403
2388557785,1438612929
1293283233,185251546
1300266723,180062340
1315123872,187464468
484856136,242352326
409703728,218848196
4463543671,3370545153
4471435587,3384516423
4648479360,3347403813
3271163447,198716085
3566636825,3401076122
6854129368,3779878290
6773855438,3753029596
6562979788,3777350186
3935014825,3758586541
3749683362,228853437
9277752161,8832308769
6430541060,2983720274
6443565909,3003867351
3162007696,2966224913
11694204806,10592706489
2618506494,241622731
5999209834,3256346501
6082782464,3321935300
6085350930,3336501241
4527697215,3305473388
3332679275,205467460
3204650688,193923784
3467613630,3282868212
146184232,144781676
10651011022,10484366373
360787653,218546908
6841234937,3658102030
6648226590,3713692209
3868053490,3718023011
3881971561,3723934961
3892490609,3727155337
4095286705,3773214123
4165540112,3849271896
244900086,239198007
471934504,225832254
6384193535,3447476183
6748639038,3300771726
6768276921,3319113069
3564747834,3312356912
3598524838,3366094436
2855023949,207854755
2455732735,199045610
554944370,196217595
224578844,218438271
231256201,229713203
237980168,214325570
256170152,221518643
3575031797,3328847840
379980988,222072401
209132744,207972716
6009126652,3345136547
6058439180,3403413149
2995610084,185256619
2971080963,181188126
3442733263,3258298906
3255846787,3254466957
3455460173,3281432300
3422389658,3245902542
369536152,233292634
5558493033,2750434906
5588755642,2830749646
2624711610,209928188
2965630244,2816421568
2983183882,2842157114
2997614620,2836501781
5724966977,3294594592
5728876871,3290600033
5492122268,3204557415
5503480136,3230147622
3362542968,3187757722
3353271524,3182924126
3101330002,210275715
341509377,233504091
234910156,233738786
405437366,219967885
418959767,231132905
6200683821,3321790043
6274021168,3375360808
3491081837,3389795516
3528971478,3355368354
3058389062,223495103
3040390669,224744434
375551454,200047145
3555164278,3314576875
5314792777,2349099351
5321258237,2362763121
2506073871,2302990193
2313660980,221035833
2118035742,224755660
617428282,229171358
5161843466,3295665519
5175616597,3322515971
5209441290,3360383018
5226041928,3352619801
2958433163,228953968
2674269191,241299841
3730815115,3333837202
12480143057,9571530688
639516576,193766912
711347048,231608735
3356803862,3332149270
6166962005,3386795131
3532818978,3385911813
2994270956,230733614
3775124260,3339892208
6520379386,3726434406
6570948690,3763101388
6365913514,3839952696
4118397788,3726858752
4169677702,3785536598
639451902,188851812
846690305,223991172
9888946573,9474613129
6559052454,3313707542
6769709245,3254185126
6759911989,3268102646
13708291317,10956331819
432576459,225991002
3697798673,3379037158
6230491110,3751086495
6238364042,3752158869
6024438207,3733258725
6459968689,3786400783
4171718166,3746300352
4178323018,3704600687
4238057436,3752838296
6438878556,3355205584
6563817094,3347666332
2438447481,195304675
2443294394,210525226
6512261870,3373634795
3515932266,3358751660
3264926221,3262938771
282580414,214239319
303500095,218527063
3294255513,3279758092
217154509,201059229
224310876,213725335
224263157,212397844
226869976,210472423
4696835530,3157266366
5213940388,3214652803
2389334579,194049879
3341955439,3253068668
3392074561,3378323397
3403700592,3391517431
5393950868,3261967098
3126284281,195032780
3073008797,191125085
5655304505,3333691889
486116919,205458696
4431807739,3316652225
4565421170,3355588697
1055790650,194383588
1275380954,218059077
5448889186,3287589166
5564834335,3293662943
10241356300,10163919144
2098543956,233077281
2106905461,236136322
4017874755,3148338391
594441388,225712341
370816614,212240466
5234630596,3367409753
5268656838,3396513078
12566292470,10417001837
2893117937,197094383
3799001994,3360314491
2961762402,228023318
2830020249,214423949
343406583,181191246
313914502,185616172
4653738253,2251797351
2193992526,202134137
2281455559,2279859156
2455746397,209635015
2456764306,216255056
10075649376,9257715276
924400598,205785569
5324615847,3341193915
5349704679,3396267718
5372150863,3393128335
3626040083,3422659346
4163528210,3402171521
10618649276,9831734726
1266702452,183857408
6337345435,3751577180
5703185705,3703799007
5753176304,3752356602
2496551739,217593049
4903656704,3832162236
5040644466,3769542605
4635856216,3842051093
5722939052,3453462065
5791339614,3482971761
3330205198,213359197
3630428764,3413409362
4679939315,3265713435
1347475384,210502371
11760830336,9163454819
5756776705,3630544040
5723531714,3591535725
5185657931,3592963375
2324724506,213717445
4925630025,3783060451
5208089681,3688935683
5245819802,3732827550
5068029014,3395061547
5601908222,3518357575
3183452502,194116682
3683286863,3470166119
1966990823,199519753
5055106060,3295267029
5043426970,3268226037
12374444379,10927399759
1765051379,218617059
5380816769,3299039065
5152331464,3362802101
3712207104,3355189287
4747295046,3321441308
4728170955,3296904729
4668990733,3379138079
4901741805,3555628001
4929629139,3594104764
5330778460,3557297497
6779966125,3747061476
5301936985,3757386087
4974592480,3758060666
4978598418,3755851480
2041422693,206192299
1741337148,207158153
2174232564,225061869
359413690,207401157
452043899,217432983
5816681550,3765309587
5828385740,3769418814
5863174578,3796131005
2089898270,221146130
3769966497,3605501146
3689045433,3517613843
3652323674,3499324570
1417699401,200771825
3778597080,3524349584
253902895,195005142
463299706,197673856
4938189613,3303695689
5166957881,3328750847
1556317911,187069747
1388300888,196020984
4551777229,3347673299
4580062156,3384813143
4582199051,3374957236
1065346981,228937743
4737863165,3360106072
4484762794,3299493887
4047415464,2757962577
4065573183,2779540224
4106627180,2808908474
2612451554,234574884
2617676477,224949022
9427820527,9171554901
6254297054,3857412362
6259928104,3873682243
4942595069,3892269202
3897053692,3894908177
665178909,234207407
3922437935,3918743502
6903675183,3744567888
2784796644,216493855
7305197177,3728552820
7424423464,3786958203
3907256695,3740013557
338220683,215153860
3741465561,3739775090
3838613735,3836517923
5894512979,3356353363
5916567850,3365570070
3331278539,3317579968
3363274092,3350912328
3324065880,3307270284
3356839688,222049513
12539686231,11626300940
635525646,224739950
673486688,242509968
251903051,237480529
6503038127,3761570570
6575925547,3794389001
3132862615,177635666
2994985020,197028968
6744848290,3861734901
378035632,205582858
4032382501,3874216748
4004873179,3807938607
4001236906,3844224820
612121596,229326222
4013117384,3827610354
180253594,178583419
5757254384,2972907858
2768379551,2702782666
2809469314,2701380047
2853012653,2769885328
2548378064,213669752
2556191837,227285915
420751114,207982512
2215781892,219508924
402822122,190449445
6380894250,4027731818
6409270088,4033055037
4127402503,3964605297
3868940582,196294978
4142751034,3988120701
4000153404,207191928
4147432960,3906471869
8965145674,8574543573
7161788921,3549561378
3489852181,3488346515
3619164707,3547760306
3642385981,3550576023
4902904439,3525892237
4911887317,3544508271
9745397947,9525881130
2210845222,267852047
6023759613,2993385467
4989716539,2916493190
6133115181,2962875529
1698687712,197707223
1056468796,212171426
5333748064,3370792886
5386609307,3392974833
5417261099,3480746063
2812740605,359017459
2858790431,364274794
2770008742,358250772
2796894124,207318432
546494584,201036831
549332016,193261350
5045269325,3483829001
4084649117,3413882707
3574086813,3426741683
401552502,217339107
3641507209,3178119758
3380871727,3202406082
2214021450,198261151
3513937848,3346466254
3518819143,3366084046
3521782245,3361289011
3533363426,3357875915
398908660,187329311
5356467851,3329609320
5524473166,3301176713
5553432724,3337883058
2885179666,228375949
2883220626,218872768
3505640996,3280216603
3564010973,3342184273
509566939,213832392
538249428,214800365
6027137411,3358526777
6066569965,3367032506
3069883943,193087463
3517826435,3394588753
3641242841,3342493589
3059147343,197922274
398595432,208730330
3633523559,3340515723
412363416,216441136
367139203,224549087
216496908,207301845
236173157,233743299
219438852,218107794
424371270,225315269
427236944,225172679
5838049154,2980001066
5632289782,2983455414
2134283000,218842524
2135773695,214991377
2139947402,208877789
336890497,185506671
2980037982,2974735200
3025363005,2825248568
9937732888,9935674670
609590239,214848155
621219813,230495249
368578428,187280260
584200495,198845379
604951135,234636545
5134522536,3405491577
5146711207,3427272643
3846259182,3478251311
3855298044,3473173461
3954936125,3581449845
3025901664,412704081
3847145077,3606603084
3884981459,3637456558
6063840350,3444092129
6129399450,3478498147
4212373279,3419545062
4286923201,3500960858
2906018150,210556423
2886859237,185611293
300293986,212635344
4122282046,3346214974
6638178246,3345532099
5959699386,3291007561
3390319450,3322520825
3443383795,3347721727
3574409216,3284485580
3141059525,190261465
2894389112,181033362
504136074,151376001
5044205058,2310939940
5055206359,2316347530
2742847720,2366481095
2085037539,220749161
10368352260,9637528479
1345658792,181895959
5112573989,3285388419
5128286084,3279261742
5139372632,3302542595
5250324622,3417231249
5656790036,3356280584
4496975821,3147624386
4154063034,2461257380
5232503413,2474003214
5021337946,2499395188
4246605695,2542329806
2414606815,202832570
2420602264,203648102
248834868,244112441
6034713895,3831511072
4743600683,3814313879
6109655232,3876569157
3845547278,3837331917
3886262667,3883540823
2214717306,226269271
235301389,232449261
3909045328,3900996019
367261619,214983163
553671530,195350971
6122856976,3823576717
6184198822,3853796799
3824706121,3821916722
3825182449,3821617060
3316390651,190531148
612709580,203106720
4180758686,3762789975
4181775853,3826221439
480424935,187344335
318281554,199063882
327332146,213834462
482595307,188392366
11406821910,9601516740
735776517,180844813
6207108389,3373983140
6416098631,3451972738
3831844186,3469894473
3618250741,3416696238
3947920008,3400506312
4112763107,3374568154
5324841856,3352405604
5130817155,3404540720
4764073572,3297659805
4347504438,3303731201
4797390129,3271217171
4827677289,3297297563
2031033226,186994804
1717699764,219087955
5817365617,3314032998
5890786304,3355436726
1542191502,189544053
5178821793,3428912318
5064107303,3422261889
5179567573,3384027646
4980054842,3472603728
4701673047,3365366671
4563804821,3406957088
4805919399,3431608717
1425468919,187107410
1437363573,209456199
3952015753,3368391425
440187193,214941322
4947318814,3411326974
4961654355,3420280019
5798086837,3328509082
5850786999,3369391948
3359493865,3258322826
3484044505,3260136331
4530907457,3235664865
4556935652,3256108880
2074499211,193979145
6039907627,3462600239
5614435111,3489537295
5118706727,3452595497
5140594484,3466937310
5260008290,3405772868
1823300945,200465218
4972912868,3444748481
1844681324,232131710
5135612573,3511635190
1636534730,189542212
4840030865,3362015272
4927932992,3234134182
1610591195,188385835
4684947086,3249348280
3246487648,3244425355
3249238526,3244550701
2922566888,206847819
372162763,223389976
4761947796,3328821645
4964046526,3346685501
4903564374,3329115904
10368046676,8489829932
5025000778,3355267454
3363391278,201522014
3242504042,226121072
2101285614,221173384
1972936441,217396408
442152910,231938176
450368478,208133344
392279707,214952315
455696640,209929117
4897450028,3454034569
3173821519,3027398215
3083655077,2822673245
2691068150,166638811
2751872699,218354419
9866941054,8026173451
9266136874,7605339335
5536961617,3001930045
5678143590,2969743544
4813777196,2988244043
2912435632,199198166
3074025943,235272791
363416525,225175106
353153328,193435738
7994237532,7814531288
5747260368,3540428857
5780258243,3562932267
2751949375,196452373
5587925928,3582880545
3976365913,3597078351
3900918673,3544782753
3950111453,3633370033
1003749235,202703469
771526867,244195191
5998104371,3412961907
6002150337,3381192441
4588197563,3379976416
2438922912,207331222
2454656881,227990594
4022756754,3331965261
488744237,207209584
4337489884,3348472550
3786282550,3294730454
636243751,219420854
5482797664,3239266182
5141160365,3329717736
2431191088,203694339
2507083427,195583173
2596864968,189308314
3569178967,3282734868
3595732467,3322372710
3765478079,3369918099
5794163215,3722522209
4096216407,3750150509
3911332343,3675293488
4037244635,3707089388
4528615022,3779478480
4440463402,3796092904
6933384914,3340428765
6359338278,3326140614
3498359845,3352183205
7025679899,3414918169
3216932303,206755578
2790800898,186407081
3545183970,3121615247
10974517554,10552367705
195353791,182716289
202830965,199522051
236444642,222670216
6226482360,3210818508
5790885564,3164960137
3323425608,3314074202
3335509888,3330698892
2774225373,238079619
1241908483,209430605
3510453078,3490749930
3514445119,3511310136
503283599,224544704
466721168,252676457
3512412279,3510104015
401864538,198792561
456856729,221670629
6446276017,3886469029
6504645986,3954582235
4912598636,3863925288
2579430932,202224021
2921912835,225686078
4107103045,3823789109
4047608451,3876540684
4170509755,3798946905
3779041610,3777129054
3896238635,3729366921
3926888304,3768033589
3954117684,3806600310
3079778066,234031152
3081854964,213123292
2658632538,209069753
196618845,192830682
202869920,197063971
4359626997,3750356790
4366256498,3763435136
395597598,198704636
422635315,211371686
407339656,211105373
583419327,243977436
345945343,230878088
345883677,236544464
256724212,255346310
381004727,231840280
372616213,228799979
3288522319,3287046671
3321074995,3309545602
3403973208,3243813210
3444400454,201570077
3358520354,179469266
9214350694,8618571206
13082523511,10449596468
5521935234,2318443159
5515853579,2337040078
2237268647,184355243
5088854011,3201841606
5123968961,3209977970
5159848805,3278834869
5161440777,3254494212
2920784403,192296570
4629499768,3245694771
9558714466,9410664412
6372782063,3219599808
6691949441,3241445824
3477383539,3277538768
3481692217,3295114993
3482887389,3273915311
6679331332,3724014012
6694168289,3762913879
3333405807,183083774
3570970264,218616258
7054236245,3763569798
4234411661,3754968406
6993760893,3763221202
4252159160,3782579598
433731453,156463599
11533732779,8802104795
5480228126,2135264100
1800861289,185493966
2392828554,2145507591
2411818486,2158426653
1725917828,213126061
512953841,207877705
261290785,195539051
494230716,223955995
4909758828,3277881158
4921945867,3302665707
4972492553,3364693650
5167168903,3353621277
2670463867,242773242
4144186502,3406208660
3660920347,3398290433
5742976835,3361569297
5750776342,3373405584
5673300817,3403488202
2938155572,209690568
3548055591,3354335433
2717949743,196532332
3732923439,3319393159
3737791239,3367917878
5542243975,2802151405
5653382393,2846446634
2578018966,190405936
2585480190,205536855
2912269497,2799592239
2921248476,2826125047
2924060480,2817815248
2702018435,171651087
2381495335,170139865
4173755925,1778495887
1698640297,1573039628
1711719233,1586292018
1461938164,201412822
1480369335,180867215
1659848215,189976395
414768566,180210884
516742208,186672358
526249351,192016042
482279952,178345515
515422025,181756132
4557152001,3273412992
4576829360,3308780100
4619786523,3332204299
2854789949,240868006
367531913,198554167
3635832766,3315749284
3663442197,3335425024
767311142,223914542
6011125572,3378516529
5843658564,3355885761
5885845199,3378698864
3631585876,2918729383
3682556233,2960520903
8820497587,7544159835
