412293174,79584601
862447113,178858989
1959724067,1746179235
2401283770,1752748671
1716565803,1633381719
31490039,18079714
38143863,28284934
42318028,32602779
30745968,22635517
1368335091,1347632647
24539856,18100142
1415706424,1408221736
1385729355,1380757749
501042222,495609118
1355698678,1326552791
30131606,21815597
1053171809,1048853481
66838405,54107447
62987091,48181604
57827796,49522930
2354559217,2345125959
2417141576,2412211647
2862137623,2849028015
2907859529,2903061363
50553287,44076439
3079591103,3067752224
56085148,46461343
72240057,50032170
3020308691,3014517109
53805226,49311650
2936436718,2921688289
2929947287,2921462326
52846624,45667306
2609880369,2594878997
2646714050,2621530315
2442393318,2435724339
45667125,36312457
2447969846,2436480692
50648966,47073573
2455755612,2450260036
2491480012,2480482975
44632151,33473609
55707546,35110394
4323443649,4318571190
54529411,38378330
2504985786,2495553582
2398455764,2395088702
76276457,50999732
90557618,57920561
2360463180,2357263629
4052952293,4041747933
13476399,10670491
1512078334,1503469309
1518028059,1504767928
1497729644,1486985273
1392092782,1387908884
657065585,653596020
21287040,14077824
626181525,620596535
1445528560,1431784554
1463086768,1456237309
1960050862,1950972661
2210695249,2201813018
41842110,28028195
37160421,33200948
2286622501,2282774540
2367633490,2363747683
2358245631,2348165631
31575005,29356913
2061526333,2058104145
1944605261,1930326405
44929054,34114339
1596397605,1592635053
4683263316,4653747500
66304463,63578665
2129335772,2120737057
2491488182,2460629214
2510032245,2479361856
2525514428,2508413609
1959964928,1950984228
63808361,34037717
2164654636,2151652896
2195772478,2186351073
31042160,22828101
2249071744,2240628989
33783606,29808613
3744664906,3737685758
65910903,53694849
35589513,23902014
2223577026,2221036313
28269663,26077860
32432061,25665237
2082711886,2080205201
40475052,37536446
2061806446,2058145310
32854668,30525881
2043199373,2039209274
1986471507,1983271998
1864156668,1859886674
57337074,28675477
17272021,14782106
718475083,715989759
19458553,16922652
875009038,871584105
870456680,867981577
12957350,10135880
11912245,9942992
27438736,21237058
36214443,27651165
14542803,11058774
16064014,10716767
18884954,16254795
515196945,509762952
22563231,16972752
25863877,21837094
689032404,680973466
55472420,46458681
970446755,961927777
26382763,21779659
1147662633,1140963985
1255917137,1253303996
1421854815,1416299162
1430591874,1427505353
29338706,26195643
1368924555,1357029218
1346951535,1344400696
1435139785,1430901803
28671679,23960179
1366120871,1356413759
22098593,18695743
962241084,958803162
12791374,9825121
798780933,793243066
32334133,26246598
73954753,70270193
713242837,708016152
28101326,25957780
32971776,26063757
42503981,40237321
1661759335,1656487219
1615730720,1612380139
1682029235,1680188956
1716654253,1713716214
22281537,18961697
754184025,751869509
15992043,13362851
58271954,47691990
60468016,39499339
609497866,606992052
34491051,30763972
35961353,31535033
1319804192,1304452059
1327339421,1322948226
1311158268,1306720190
1134872793,1132490168
20743662,18408571
1235440749,1223813934
1177309585,1170466360
880041078,867826416
28999789,18643874
890480342,885323792
17582928,14326269
1350273741,1347775130
920614372,907259589
1104030517,1101580794
1092793003,1090237517
849068448,846425050
22747344,16790726
503721301,491468967
12546601,10172758
967481182,955654300
976405735,969663601
28931052,18637821
59064356,50097641
25666695,23366639
18813209,16123864
1128871436,1119336241
1137613161,1130730866
486418147,483353673
638805713,636225110
908618470,895820541
749386499,745984315
486278761,482909155
12795694,10351764
13149780,10917022
12899167,10663076
30928238,27741025
1003713574,984924929
1355656238,1352740763
67314620,41308633
1205649052,1202714707
1214412948,1209181288
843233134,840445563
491916344,489296356
44433646,36868549
510812462,506364580
509827120,503525767
25896596,22976307
23316795,17391245
506400433,502271016
492888769,490277763
761842685,759236610
915114222,912799771
638738290,636204339
484529268,481913280
12631976,9549958
491623032,488966842
15017128,10847304
14280953,10174907
26786260,19272685
43414359,21971379
26801977,23160019
601039038,576442707
951820037,946332940
1905779199,1877656653
1849545208,1846594081
1914020161,1887163677
1342054413,1339464084
45333041,42615661
1906315851,1891680534
1909363597,1883216550
40355424,37892437
2417074928,2413059191
61030172,48440303
45316009,42925728
2554878063,2552556277
2427013699,2422514026
33706536,30663566
2392401062,2389185103
42822987,40562268
2201519067,2198986216
2148088407,2141776555
40852496,38517503
5378383264,5369870894
73197264,52401557
2062819869,2060611140
35252086,29899544
1872218593,1857688677
1787711960,1784493481
1393342968,1374665656
1127620629,1125179201
841789477,839604926
19620276,17969879
693108586,690656650
908665191,906477230
714298121,711929058
486241184,483727543
529054626,526329292
806763290,804135917
759440945,756728942
487804813,485271895
17622733,12701863
495828590,490467392
12644930,10329151
13213167,10709699
501296496,494246478
26806582,17898917
1024306232,1019796888
38039545,35639410
1486374550,1482095666
1481982055,1467461710
1490650288,1468685231
78228578,49583377
84904188,56839129
633071083,630114123
20756316,18227331
576914797,569341841
19616939,16857002
564924179,562808676
13660852,10224277
12671647,10310918
619212117,613795054
20523645,16511181
13479238,10982935
19795513,17789705
600846682,595738930
580312359,569332183
12755839,10357601
50600422,27851544
1017985514,1008617926
1343810136,1333033345
674597010,667768897
646949851,644390570
489218079,485478699
2054317580,2052081253
36278691,34011862
2223249150,2191815928
2173194699,2170986805
1935000116,1932509124
4249831365,4242712668
2305039637,2301266835
2707991282,2705835618
2869422573,2864830311
3243898735,3241196766
3264292280,3258980876
3218667042,3215611527
53792186,51532328
3086362538,3081685827
3099296185,3096569442
2950446851,2947561461
2972930018,2964232206
446542737,30963405
49310633,47196141
2854470175,2852323983
35006491,33114231
41199831,39024928
3134439670,3127078335
3143090736,3133209722
3150509607,3145226552
31733295,29592921
49207217,47340820
3096609339,3088498174
26027329,24109631
2919927681,2917849354
2534490349,2532439975
2403130247,2400985594
2018462016,1871385699
1291250060,1288883947
1288998210,1281889265
27811601,25050023
2975883712,2971461913
598978176,596334649
757770821,755133102
23413015,21335858
669795504,667571021
535825175,533600877
705020065,702889970
651175395,648794068
21972828,19381836
34505383,28469209
36377792,33459071
528474173,523960036
17123232,14467317
600406464,597882655
907823118,905791182
22560523,19693783
833419175,831308500
19631113,14657145
503130957,500991594
12350946,10129621
706255407,703328782
695817898,691768462
11945255,9791663
743526246,741442590
845584098,843419789
761271901,759241802
24719152,22718084
669637627,667570216
492851853,490106754
12212391,9751957
12937560,10610179
19096108,16725984
501264124,498528968
12812527,10258150
53234357,27009903
1370838138,1362917290
1379760711,1377941195
27292749,25247376
1332323477,1330049465
20971197,19004638
714434773,712276268
940155655,915496190
847591659,845076469
496097943,493853924
19808847,17914280
1013779210,1010992096
43085899,36076606
1430087706,1426516980
38082818,30447681
44319320,41107078
1548944336,1546745098
50752755,45708014
52726156,49557154
37557499,33754018
44852771,40694680
1508087303,1505004160
63765144,38995937
1408564059,1386230701
37844033,25705386
38872379,30398936
1160537469,1150399786
978818802,967626553
979995363,977518815
820697687,813048131
28226589,26197198
1398840078,1396186231
23087826,21152062
1385592591,1383703704
2267841051,2263855537
561788349,559674191
487273255,484815220
532458817,529953329
30683921,28457716
2257238089,2255044070
2265112364,2261848799
31946891,30110970
2814405559,2812320690
2229150209,2226345015
2125193161,2123244152
31671287,21105406
641068236,638494313
33064288,31077520
1616105493,1614526590
1597110316,1595373357
32933769,30558577
2648793616,2646115535
1552281771,1549408733
1276197223,1274115270
50265420,44953960
54139715,45876780
54884755,31122686
27992193,25711407
1167920784,1160421586
1317410607,1315320858
1490290737,1487962700
1417603531,1414919283
1136186425,1134022087
902294566,900303190
906395015,904411336
32910534,31048775
1048172732,1046018290
1527164756,1525062067
1574105201,1568635475
1362740156,1360777621
24637485,22618504
1227055589,1224947023
742266021,740175060
21536303,19524998
551325590,548868621
1013520808,1011515082
1022105697,1015195531
28134021,17862471
589663828,587315079
541204251,538981350
1294395927,1291915055
916200846,913900014
12348301,10412915
12111448,9704991
614809668,612672499
901229957,896298470
2126379805,2123372745
24457299,22934529
30086044,28281033
1524587575,1506092201
27011567,24739942
2223931212,2200007719
737617228,735468983
31048080,26190457
36881260,25717400
47304417,44121902
554224671,541764943
28442984,25623448
1443040189,1438677562
1456762887,1449824619
1550224353,1548355867
1320567964,1318108448
1116874321,1114779434
93573550,68679236
22027624,19961750
1291106993,1281590692
36987000,31862586
1371018373,1346586962
27951101,26060827
29525386,27793621
2114161638,2111568919
1288940132,1286531810
1382612042,1375159663
1446439806,1444128106
1463401772,1461505852
1464817568,1462806400
1422216912,1415897864
1229256191,1227128538
20371954,18450894
859769308,857912078
22200527,20235992
504403619,501987092
46709846,27326653
1285003142,1280394237
1376844344,1374109216
32091531,29283721
2146369078,2135688129
1267068022,1261839273
42237702,39788948
26039301,24155996
1370165655,1366771736
1387609780,1384410036
1395102970,1390867014
33501783,30376578
1381854107,1376872202
1387913492,1385055342
17911262,16038131
19048808,17264542
20214418,17846251
22189991,20395409
19405245,17450161
1237384524,1235150382
12055045,10097341
987950725,985590991
30689761,28786345
1114986555,1113023620
1034231017,1031890592
22782451,20905526
792978715,791079108
604955221,603022144
488317032,486027855
922079281,919172373
523136184,519923652
515478000,513061412
597108493,594629645
18165657,16042279
576317776,574195978
501272673,495451053
485863949,483099547
20467222,18598949
501687430,499696682
28434365,25985509
23830553,21789195
25876131,24076972
1084235265,1077913287
1077260148,1048831111
495221583,493141536
492662797,490684364
12742437,10652730
489535460,486975920
28884246,26351682
997909999,995804858
990794944,988958455
21425560,14338160
18945066,17091030
513039859,511165428
19560480,17817351
1161857501,1153365678
26748093,24377760
31307954,25668418
513438492,511137874
48180727,45625872
2279710880,2265623656
2287805931,2278278029
2322807910,2307751032
2642020848,2639860808
2685834636,2683714177
39802433,37978126
2593159890,2591064659
2463822776,2461584632
2439952216,2438026360
37080528,26590281
31392776,29462576
2388220422,2385101609
28031284,26154089
99791365,65541197
2102168475,2100199894
2173763957,2171797084
2119058716,2116686997
2094528005,2092569416
94517636,66289966
85924405,55318478
30557167,28686321
1679696321,1677509057
1339871502,1330241548
29773206,27415696
21131836,18961496
999102602,991300248
1002378583,989056270
21711288,19499244
1002001739,988217842
1003301908,998630369
25327429,23384306
26464807,24696019
1001048296,995275803
1003618103,1001436755
1204246561,1202400153
1277056038,1274935723
1182909238,1180785004
20123287,18300150
519665624,517684014
483903468,481985289
891292734,888978147
2310033748,2307752805
2371502471,2363087725
2377018800,2368692973
2573876219,2569944665
2570300116,2565426791
56828324,54875617
2919674570,2915860558
3011534025,3009074121
3014882515,3011020653
109878871,89380222
44154535,42286615
3587741647,3583438355
3637270414,3627837601
37468027,35484934
3652462302,3650187442
1416531675,65084618
3576562026,3553410645
637997702,45852333
3498566316,3496188755
6212583312,6208976935
377572892,44363215
3549361552,3547546825
3505968829,3503809218
8231593381,8228312537
5354682529,3551864783
4044183574,3566127096
4229943557,3510465655
3590982102,3514858345
3525740262,3523705258
1153487063,50808305
411460318,38994039
4999566763,3503156668
977453305,43030709
5963089638,5961204035
3991835932,3503388110
53470304,51646976
49025182,46885268
4255446935,3437178136
3275159210,3246364135
33724209,31728593
38458557,36719179
7976437243,7973613269
3394734488,3158441293
3208701499,3194632387
6458379042,5616153245
31931858,30166903
3104436360,3102473673
37193196,34762130
47946774,40599454
2980542487,2978158610
59173548,53015217
2986668918,2984814228
2967047695,2965224054
32290906,30141042
2761534015,2689669228
47071788,45209657
55181433,39867158
2470292511,2465864536
2474548879,2472987865
2499462106,2497500863
1770678841,1769098920
1649778194,1626360510
38467732,31921532
32839363,31010712
1624645682,1608771265
1634337152,1631138943
25224073,22901609
1456701678,1453843508
1521284240,1519537453
23169959,21597832
1513635416,1511593855
28061395,22494529
1370752012,1368723546
12229934,10038017
502468653,496250053
751503621,748963321
38111638,18181365
775674226,773621239
620831168,617957616
20653118,18697109
636502321,634256371
497497876,491571617
490059646,488084881
1122437260,1115045348
1115682175,1095159898
850458286,848381921
700571355,698707503
566607623,564363963
20127984,18119042
586217630,584266229
493876350,492000972
840612980,838554221
40631572,37328383
23759959,21162807
1141037571,1139078077
15762635,13996932
1033041399,1030669417
11788711,10240080
486499090,484193299
709126598,703192918
582038549,579631378
20764685,18673802
650187080,644273486
18591083,16638763
550369669,546663582
19121296,16772884
544181384,542669582
12493784,10566819
27576916,22233792
12152435,10047819
11874816,9920598
488722124,486827274
27222418,25578063
511073709,509058228
20435080,18636823
790483347,788505671
15591210,13948945
763430981,761433143
757862357,756020200
901179202,899183315
634189029,632325817
12650224,10660447
704375524,702082053
19777230,18130531
704834437,702686021
487934015,486155960
20508992,18403174
19953481,18088715
826810094,816157575
12210697,10931202
23019915,21148763
20550606,18494239
1183812289,1180973242
23207530,18844827
27761289,17733801
38038095,18799375
16974713,14619505
523045416,521069605
19671734,18441819
24127745,22156927
12353308,10517210
564064293,561855183
558352311,556545601
488572334,486132972
761204730,759268780
915178758,912792178
21031944,19247835
650121739,648471843
485071381,483232441
12166336,10413364
491937642,489948077
492599965,490824272
26902997,15059588
28994824,21592242
19893168,18485508
609239344,607800674
19105405,17398798
616964241,613852927
27613755,20825284
22623543,20848633
1280175076,1278148079
938915918,936733825
797984443,795511995
30431009,24375481
523304980,521549332
48248319,29164796
22849937,21010720
687749163,685243917
1111411086,1091636158
1123742766,1118997318
22576986,20696565
1118588724,1116392351
967562597,965412003
15152083,13253250
518592405,516888392
11840238,9990166
487075980,485193923
20406534,18411904
506738808,504745550
26894727,22793819
994233841,980428089
1000440333,991799311
12422895,10690397
487316465,485850087
11843653,9809674
20587405,18483454
25444407,22411428
32957643,31272116
1185341902,1182041064
27634985,25321000
664437799,653353733
21733687,15433019
668363486,665463074
489150390,487357203
488843856,487008845
12592989,10665899
12320441,10753450
12595721,10374996
12742736,10576839
711546261,709593978
21839706,20183425
893291594,891221823
894324225,892512209
724893917,723115813
489524446,487576731
19252098,17819469
24913396,22035108
20095921,15356296
29859243,28177939
617746819,616037345
28225679,26372450
943904935,942585701
848069062,845927808
51867947,32648233
556879224,554445120
11817179,9962307
490795770,488851811
19862759,18369154
696724870,694891689
31926148,30537749
24077232,22313276
1921703207,1919756491
1951670268,1950291804
2179606984,2174661032
32130414,30465345
2155498173,2153513892
2016252617,2014406100
32068895,30798799
26323016,24509250
1744489508,1738621963
2919731296,2917896170
2063952880,2055683906
39023142,37169502
2118562119,2116366020
2134233977,2129383262
2238846770,2236692574
4171993501,4169796235
42537084,41237081
44227839,42366462
37559204,35147906
2311310193,2308933306
33987891,32083711
2222223150,2220218522
1959952696,1958028094
3617981934,3615957944
60583704,36300360
26532499,24676773
1757627601,1756327092
1667014006,1664685351
23434976,21649678
1573115237,1571145554
1551086923,1548814151
1462293814,1460226778
26693058,24833733
25270428,23559581
1072305107,1070571470
18604684,16526099
1508378363,1504953337
20903874,18935806
759191108,756865615
18487660,16720758
1068831691,1066821886
777685005,775319023
656775928,655015673
19819470,17302353
505074217,503080469
12184348,10488556
12504337,10437029
10914489,9636104
20994465,19385630
499755665,497794758
12789950,10576027
11360257,9697316
572780848,571273094
718030943,716087679
1132216926,1129566549
22763202,20863500
1227207725,1224123001
1232412645,1230300125
11928796,10168871
15050036,12973175
19676754,18045954
503669757,501446101
12348832,10658539
488560937,486188333
12368799,10603715
491253051,489609264
35052710,16926811
1272922615,1261681571
1266902611,1265407024
22407548,20094228
1253212714,1248202306
23193030,20040041
27082680,25004435
692608667,690852903
31768554,29821656
36795829,23836741
655056246,651953515
31124553,27808803
823159501,821343591
23177242,21820247
30272510,26852661
965969311,963582297
761060871,758770912
25914773,17424005
19131432,16905530
515536977,513478946
1064046540,1061876053
1087228405,1085621172
753889089,736975290
