336473354,144893816
358764154,192200728
350915684,188118124
1448788968,1380208067
1497090774,1326347749
204073858,198678659
3603840672,3599860744
3721555873,3702329533
3813189057,3802093189
2358382690,265561408
3837818443,3832975231
3809906557,3794127129
3812827267,3805256995
339911808,205237600
3812672879,3805627062
222995924,217065409
191307844,183550511
161421923,157945276
171725801,165169944
144934269,135036298
4092083418,2102766170
2270881840,2058732358
1903390109,1894899500
110671339,107144073
135505442,128645750
1625066589,1619198870
137909856,120093568
1429744612,1412739247
1193534088,1188466139
101599095,95239899
965875809,959451790
134710176,129340793
1401113219,1383373730
172606354,166455797
1732920812,1729367571
2215862016,2202791171
2392415278,2389631329
171553232,168393278
2639902019,2634968210
171241130,164370973
2651417607,2643512944
2654189460,2646084545
2500597178,2496920705
166550167,163354938
165222107,161153469
2286008969,2282880272
2204227297,2197430096
175167667,172205262
237691513,222699202
2394111723,2389589310
225925334,222342333
3295284315,3286398490
3355423964,3347385871
658725595,198072396
3493241329,3481118431
3564868162,3549233376
505125036,222084025
3481705604,3477796213
176644460,173355550
202106827,198124343
188971403,184451594
8993035722,8970222100
2998016676,2989441999
3012069929,3007075938
2837080352,2832673003
166182523,162435330
212043568,193980862
2793856903,2789821348
200687392,197827865
2860148875,2856925889
160572162,158291889
2879476810,2869736407
2837531185,2834256309
177475002,157105995
8022646606,7844213833
2587824333,2580620836
2439815389,2428697065
2468890385,2446537047
2315726867,2313286473
2279861413,2275647163
2373817742,2363713791
208732970,204971093
219811056,210438998
2729337918,2715904756
2750674641,2726242961
2767974906,2758869231
194074218,189622278
146497093,141341646
2787008093,2767399029
204833271,202020124
196246725,192457397
201131063,196930762
2811853160,2808827260
219362003,214904244
3177880142,3163680295
3208792375,3202695780
3287284481,3285078710
661786577,236683156
3298488914,3296052247
3353474903,3349517472
235160616,227525831
3745784994,3742954662
3785471976,3761308961
3978400686,3645730654
3763634260,3580593195
1015178466,213203969
1872202841,240174429
359079538,203134504
3712157151,3709108351
249199515,233775972
3718612619,3712399642
216869301,214838817
3870676432,3656532002
241651572,231094655
4394973823,3526469565
231215703,229165074
237650145,234690905
5351454651,3561715028
3588154830,3581624750
3619494536,3615305344
241864525,213873925
3722455702,3714927705
3773339250,3759585026
3732719102,3727480637
975421807,247422105
3686597773,3684334359
1335136931,207249077
1141620571,214391619
435642588,205177932
267957133,239942767
3710238592,3705401248
3679541327,3675569117
227647817,201676861
192525604,190647711
3555496130,3551961120
285251677,273896939
3612932196,3610428365
167094941,156268045
3137397340,3135137942
489179794,223794629
380162660,223505540
9547760368,9540408771
3205118863,3182200318
211326569,195425801
3340378575,3327603738
621722350,302286951
650850301,255083465
217323854,214199042
3706650977,3704022413
3835003912,3827303079
3880579514,3876143311
232134346,230110489
3839829517,3820286596
3930772259,3897051175
3621538855,3614276501
845237144,234900002
3649982526,3647680783
3819263646,3632940581
3881042074,3533151712
3598642071,3596529739
4037082942,3551067452
4302825302,3678609898
3860016895,3684113206
1008122723,241152899
3772126486,3769501732
4087451581,3811469319
4093242665,3824790222
675370874,197359717
3775363552,3769850004
214127309,211044865
4047483269,3635407346
3702692957,3546375179
4155410483,3607185779
3636260561,3554775729
3699356137,3694915521
1378972629,219049636
965721930,214174044
3867630853,3863540003
3894395056,3886600162
556042497,233597882
3857376510,3845507532
391702629,231875242
4875190665,3831629132
4588264795,3827479237
606316899,233060043
4078468840,3859100853
4181673849,3826336824
3937759171,3817203431
3882953680,3872515454
3851362997,3849272873
3908125747,3905787480
1340940284,223535917
4595247942,3866795740
4658235497,3910245044
1829977463,221775519
4449790227,3879636801
4817740409,3845210751
4418709356,3911830624
5409672675,3805739730
4489759145,3814032541
2542259880,180500517
2118541135,233051887
12426008585,12210312597
4396973079,3848567166
479064573,237435849
234413315,204556123
235225057,231417625
4414146568,3654340039
230785390,190320300
256608895,225137320
11881030507,11741841112
4714804116,3648033528
270234957,247883845
4450083380,3575648415
226140126,224096754
3583627012,3569701781
3607611195,3600957156
198632917,196451952
3394402200,3369912312
3433055899,3409350973
170004120,166516857
2988644565,2986036075
191193609,184908091
2725727422,2723787955
160499342,150084432
2561211263,2558947324
2783918691,2781536597
197684622,193915607
2870576344,2868511871
2849410961,2846930227
174272915,172254552
2855379132,2853389011
2884622658,2882562773
204701494,202579150
2767359770,2764309103
3242923880,3237983999
3287029774,3284925679
246805379,208164097
3542924902,3540914861
3900316503,3897062401
3941427392,3933470753
1217311452,228174209
4265962374,3849652725
3899812348,3894563314
5008004360,3937835486
1714830445,235877875
4680775352,3698181137
3921506431,3684501676
10959486999,10950069241
4631142001,3640334886
1644611286,226796743
10044877249,10039047638
4307366432,3606587983
315723635,227779734
323381256,247143387
251881310,172206341
278446294,258530705
5452851246,3453939790
4906918374,3419197349
209357223,199835888
5123557215,3432684915
543837299,239777956
3649613544,3643371457
3713388577,3711368810
3683110095,3649534490
2588155520,185866737
2600337112,190367189
3749052547,3631282528
2034819912,218535380
4799296211,3739276022
4126514421,3780304262
3940616722,3775389415
3795784534,201776823
12082282159,11312491886
11816384892,11806804783
7165359602,3827370884
6814170355,3826972133
12135832658,11837636047
3901474903,3798965543
3989485233,3862006495
1937007776,225415742
414068432,221905277
206180774,182479491
4058144865,3582529530
12426035077,11783226782
5049161058,3082728820
3735464515,3037033618
3030250466,3007512212
193615549,191708515
183835270,181748496
2920416551,2918392495
140818034,136051455
2702898080,2700932102
2289667792,2285502974
2099506448,2097491240
1571535824,1568751987
1550538825,1544747144
990195488,988318988
1856319865,1842812279
164405756,159799768
1874724322,1866141250
1884390287,1868385019
139302647,136959939
138366843,128814063
139354163,137701554
1374941909,1372766350
1542408664,1540372304
1551929862,1542225832
150247734,148187209
132609198,130778981
1804614200,1802548036
1710117678,1708148931
2432483878,2430556390
3363026656,3361521548
3396668132,3394453526
3508844999,3506865265
3632484255,3630432065
3690581687,3688340529
712056338,234524402
3586676899,3584830951
7567839341,7565072339
792955454,208146920
3624609092,3622595415
241033243,238904465
3660242204,3658105533
3670164789,3658724970
329412591,215532637
3688118405,3685771397
530386059,243392003
4099653368,3725108935
4137129126,3781625508
1423253177,235068726
602448605,236236240
324736370,247070349
3869129648,3828617523
3906636095,3904199360
3936509131,3929743530
1008459550,228813602
3847065286,3845096695
4200474338,3930370723
3854872709,3672211417
3865955883,3644279779
3835926724,3646174121
3767800625,3589605245
3981974098,3551626653
4622078938,3771479776
4671159527,3808958317
1973966076,207034882
4016646944,3757263272
966851813,213094614
1424656103,228682174
226695694,224577236
5374594734,3762206286
5358256111,3715251804
4451664055,3726454232
11358089748,10335590372
3882980292,3791159102
1962896854,212401005
3838618644,3836671555
3790185143,3788264216
494380171,236135565
288623974,232464637
228704440,220066883
201301816,198917649
3523603473,3521685015
201684754,198268877
191690477,189841581
3753513861,3417133380
3509412590,3396995326
133818223,129124420
137509460,134413644
164613092,161396196
166834365,162485873
2069848065,2065397050
212658987,210794276
3171073102,3165266264
1860939046,222022697
3381434294,3374214631
3384604241,3382124128
3384788154,3382982218
3448723018,3438715958
234361748,217969097
5368671404,3724138058
4420741857,3766504117
4119174305,3711879142
1470068593,250360340
636392445,214799961
402447786,210709137
10764760706,9791636920
3789382577,3786641752
3797324405,3794953316
195266221,193091630
3768648059,3766359892
4287869765,3016193266
2826607504,2804674191
2828374182,2802450422
2853293113,2851405622
2816752865,2792407698
195371643,193914515
224040674,222304281
230265283,228465626
3191452042,3189584585
3229585164,3227711391
3242838687,3236360054
3260591094,3258264729
3178010097,3176006696
250483436,215854127
267710695,241768972
3351908759,3349766283
265316185,205971278
3466185620,3463947282
3616691896,3614703396
3758438211,3756227392
3777578355,3771428186
3736997738,3735007021
258565111,233117280
237146279,235465053
3705848881,3704124242
3666885515,3664699908
3795786775,3515031984
4093072144,3569420914
475165861,235219612
4005606429,3509647742
3489348620,3487697258
3648216814,3646004664
3734368534,3732591365
3856147635,3854096650
3738658224,3736791647
3706570006,3703515662
928752095,216596854
400684503,237254704
3950729961,3794721083
3958450375,3809741129
4191283255,3853532991
844181724,221042120
3909038267,3853248747
388680577,222461472
4738264653,3964509829
4749149400,3964594291
223633480,221986743
222115072,220306243
209908910,202214183
234143837,231633427
3940925181,3751091052
3949276325,3573399465
3750708502,3583771665
183862607,180616798
3443667576,3248458337
231737958,229294570
3213416737,3211258836
197364612,195576208
236032039,234039545
3082361827,3078177118
3058252980,3056375543
237784688,235483946
3268681827,3263871965
3311298090,3309780356
3219394227,3213338973
164570148,163157093
3152807716,3150795687
228574220,226354219
230191394,228319940
3182729457,3180913908
3268654443,3262803482
3266841970,3264954804
3584581937,3581878889
3596503393,3593198576
3678879983,3676959700
3682277685,3680420971
801054519,226247318
3626194343,3624303732
223554540,221183931
243026465,237957094
3627638395,3620953872
3543074324,3541309438
3563023262,3561079642
187058239,183561493
194791145,192992059
3509036082,3245935401
229009407,219953628
230771875,224889935
3244408753,3032728936
3027860040,3023202187
3063860824,3061418477
226863082,225089224
10776874044,10760007537
291541338,264886268
457007436,229020257
324501077,243789824
333912466,231868371
267425345,262779151
373357324,264405905
3583180538,3581283438
391328708,221548064
3928717975,3926252344
3944439681,3939969897
4029988502,4027902147
4198258782,3876309438
3865507742,3863576148
2348879243,223906275
4338492868,3825276866
3862950879,3861041364
4284275874,3835727405
5618555926,3851492755
4289585280,3828616798
11998911075,11995964243
2257796381,195905632
4580166600,3861322243
1660702960,226077716
4398412259,3917996013
313001755,234054439
321915835,221212156
4000175330,3968307839
5495185512,3886719863
12487405120,12384194071
4211283877,3747211939
3735443202,3675861186
4087981681,3760359532
3719010561,3693456713
3628307002,3626381872
707460907,194952471
229511848,223515255
5048457751,3330011765
1052052526,223939159
5735260327,3489529466
4709718436,3466359421
4404844301,3492158402
712517516,220727228
292570600,220232597
212450895,207196547
221793991,219658714
4023476083,3499312969
228720063,216142091
3500518526,3497629705
191618779,189782458
4099252678,3278663453
3641557924,3236479760
154877613,152766572
3677402740,2870654180
2521497420,2515790041
2550193686,2516197857
2300327010,2298168125
186494922,184510786
2465860011,2463133464
2453130456,2450782198
164680693,162776985
2519843355,2518168018
189243240,187446048
2700653651,2698401911
204137672,189126716
2790819080,2789043274
196927126,195067876
2846518620,2844394358
2899460094,2897650585
2911297813,2909542278
3105164488,3098277667
500419309,224152761
3264583528,3261880211
656027377,229024466
207179250,205556366
238842492,236795419
3514898429,3510972016
3578570767,3576146067
3627133261,3624825564
3651220799,3641647400
471213068,226633282
4174798706,3755983700
686919695,230616063
4067063259,3828821771
3888925593,3824847144
3906039998,3904113340
1307018807,238931312
349972275,200085774
3787341178,3762978324
3796209464,3674528842
202982190,199285430
205694197,203213235
3625924948,3109516439
3665898656,2820750192
10544726599,10541674034
2428793533,2418077999
136856890,134518318
2270527664,2268745438
132890093,130426704
1825090369,1823343340
142106757,139834909
1553505908,1542049357
1573352065,1568780959
1504077029,1500672448
1466199678,1451938546
1646844328,1644744161
129582559,127961070
1738367983,1734495906
98561717,96498749
101547465,99769391
1656525339,1654316575
86551041,84873521
1537079590,1535328184
35927222,34377832
577357658,575209912
524190886,522343779
526137618,524289671
72076648,62889789
72801104,69761746
621498815,619565467
99990309,93923060
102083737,99992181
692163789,690076067
1040188836,1031411390
1043303093,1041512429
522147392,520251493
36615950,34600318
35975282,33997718
569486895,561162734
1016823176,1014613284
1011565224,1009923729
125141456,123397952
976640363,974636976
1872977454,1868359219
1920344517,1918257831
93471221,91805538
102887219,100542390
1844244335,1841718658
1790872853,1789059646
102219452,100457941
1173239367,1171434584
1056646363,1054932855
38667226,37049542
109364264,96490186
110621128,103607419
115842597,102315411
105855035,103320257
1329879763,1321424484
1381676910,1354796956
139382600,133927302
167541656,165256268
2199056508,2175053976
2226151858,2202244507
2309781180,2307262828
203352235,201377335
2599441225,2597537814
233887164,232153070
3152405704,3149786192
3455502250,3453498393
3507399874,3505532163
1106623313,208939059
598554026,217298035
3721684102,3720007475
3800275724,3798250405
3823799656,3820836476
3830993101,3813441511
4876655463,3860967608
4072843880,3838823991
1916795010,232543614
4428425717,3838800961
4208533363,3872031574
4277554003,3897644796
4772584212,3910243105
11545827498,11536399730
5226336331,3812176412
4250194303,3839724725
979579025,241241072
893046675,239196249
412818739,229258248
4438011792,3863533746
3843252838,3841091433
3880628781,3794530129
418307923,220919301
4563702882,3871128937
1036992749,228444797
4595112549,3845108122
594215771,225279174
3957571504,3770433088
495371309,243299587
3966625654,3826036342
3864857115,3862855481
3880713279,3878932326
3903941887,3756696645
4747889695,3763599112
3862254876,3738093198
3759451524,3700947970
3800755142,3728964561
3670846830,3667379071
4070573056,3720830283
4074494654,3737514448
1051220765,220538552
397573496,218008575
4893553107,3756478424
754464270,232123985
4963765935,3791391509
5092189699,3777989703
4205925673,3776322908
5037552571,3805679477
802046142,221862129
4323549759,3902887804
944508637,220027413
4209374525,3886514672
814535821,236015118
4213521567,3907701410
4286920396,3900595789
230481255,228714205
4903093298,3924016704
832847460,220857244
4160989955,3899162022
814818407,196771688
4062940530,3875413221
237186085,235076783
251863393,250176933
4070089586,3869379372
4492232067,3841121697
989168528,216470204
3995699055,3780174938
3814216803,3810293605
3888079896,3847789455
1450808398,211406662
4059055717,3808488469
4224367100,3866044987
771955919,227306983
4430327734,3801908477
4117122503,3756688243
4573620243,3546932217
3806508094,3550333024
2337407051,188923870
1706772950,197395882
1650565332,178468122
408298268,174282019
3997039161,3480990057
3631326021,3391118244
546862218,215249757
11683006991,11670262374
4262885674,3410536680
229478017,217123526
3709376804,3707123992
3655024218,3653339012
1583143559,298827803
4080351695,3761964407
653788819,230184202
3902846770,3770608591
670400314,225343542
3925800340,3789430294
3852926927,3851150424
710311293,223417294
208191682,206248904
4653661176,3806137568
1233906134,241566701
775458734,221718753
3983284391,3818311436
3779391816,3773213539
3793936301,3791672257
3825813039,3823197650
359632714,245692883
228405424,226795854
3797857187,3796157090
4030047613,3727610572
11927154195,11920195016
1538617741,210565479
4563431424,3766989426
4491692505,3804845069
3920065622,3796238877
627053172,224637729
3740008369,3712217529
241003366,228745670
243914253,241888694
4246670475,3741274513
4886180446,3763647120
3739997675,3614188182
757052473,222661001
3710336305,3708060506
3747679995,3743492250
455750942,226842877
451456174,219193947
609718379,218131512
3971544004,3727898190
5375669217,3735120791
2004220741,228001199
1499813830,233966182
5454911887,3764716788
226699716,225252509
4554124579,3799997095
4380318837,3789080881
230987978,224043698
3907486969,3741335837
223718206,222020936
3917812799,3707286018
11553932575,11546279714
3588670137,3587394233
950312759,203068836
3783048812,3612625553
1189473371,214199396
3621133546,3617131214
407804508,241453419
160596627,159104252
3436840395,3435367561
184534636,183007422
3431564765,3430164722
189962906,188319310
3424734578,3384568001
3439859953,3417466742
197486508,196024152
2940345386,2938771705
2957903373,2956097145
234175744,232237124
3071130984,3069529098
218632327,216911468
182703551,180999818
3114548681,3112674109
3119400110,3117904487
3099697503,3097561091
2987219349,2982579992
2915637217,2913914242
2602143528,2600406322
189834377,187646160
2614389718,2612383471
2425392136,2423595610
128724320,127176359
2209470377,2204891213
160798352,158957258
2230443945,2217931036
132920101,131325825
194126489,192153275
2464120206,2462431432
210592701,208847598
219353423,217820295
217536368,215749561
3262940319,3260684791
3289106893,3285943488
369314285,209509016
3561949084,3559926006
1014015570,228019194
1074755128,227030632
395261001,233347795
3849193778,3847437912
3855943217,3854131291
9600488771,9597735972
3863324597,3861713028
3937412070,3915381274
9171206642,9169229683
735442069,230489558
649968990,244376899
4068256295,3886374623
4321262376,3806688136
1096033621,232111550
4058330006,3773714381
439294926,231280257
523276160,242877876
4546585487,3728101706
4137159737,3673890986
3886428248,3693169528
3756634463,3570707061
4722355137,3860047006
1439048707,206742142
3890523845,3808253556
4271729614,3852216976
4286893219,3872696229
3954376955,3951802118
3975875526,3969678064
1230044592,209382233
1388273290,233300554
690169384,246862736
281346161,201602721
3836996447,3805862926
208999648,201193660
4640047937,3500409213
4851767172,3537842436
233092279,231472069
216797191,214884562
219834500,217731238
4447871406,3482049409
232962389,228447433
3539454153,3391991496
336583400,214106631
3532750801,3529924667
228280332,226681644
3509175180,3507459971
3507113191,3505819047
218157101,214294014
223081598,219534288
3414354967,3408768104
644110117,226697329
444050924,235918649
3520366367,3517053395
3550223812,3435018723
3268810935,3264411510
3293029366,3290789717
3114228301,3112061590
2647593527,2223258359
1979522693,1805873582
