54365088,43893085
27703810,23074331
34483688,29487725
44566422,39124655
63748159,55241133
102205632,91869827
3538422784,3495434463
3361852401,3345026156
3446788359,3441895071
64020612,53209669
66302355,57413419
3723907554,3702805231
3684919090,3680426056
3714836523,3710556041
3841976924,3547502751
56410413,48904406
63809940,56252843
67208423,63294646
67095252,63455433
58441642,54785641
3493677472,3488132674
3510852983,3505724122
3529984367,3512295602
57724429,48555614
3820488395,3815912245
3780779563,3777392678
56180966,53101980
6200535111,6190361518
41726054,38368669
44609193,34860808
3735223470,3727058067
65291948,56745787
8508634971,8472986423
3298914085,3295167837
3353793336,3351112831
3153758002,3147033917
2694757834,2688956758
28204029,22895352
29654501,26084369
27188654,23591276
1864479036,1860753041
1767648019,1762223411
1684587283,1681921535
1054571543,1050926922
893879630,885184977
23880540,15704935
28207947,23986827
19655900,13861389
19645270,16492902
12945451,9569439
19787916,17314579
513966508,506000336
494201028,487267072
540677497,536705791
539111806,536832229
493604168,488596310
27746510,19392410
942886752,934839192
906814766,904071748
898184296,893248754
15542074,12537399
637206823,633351605
639575240,629482340
14857118,11363843
14386223,10467026
498284073,494996902
494013359,489236952
33980595,27627480
701632243,693771628
623453716,619535736
14875579,10846594
17081823,14273683
507973043,504716663
1522453040,1513412903
1555829504,1541451647
22779959,19492696
1564023598,1560933833
1543848200,1541102318
1093218362,1087017838
1108282364,1104955034
1200819639,1192075138
1358475554,1355473559
1330682761,1327612759
16624750,13987928
1044239823,1041326648
578179320,574524081
19699812,16786459
16537561,13953045
631952421,627480496
966043085,953918562
29408993,25860366
1049332354,1045545899
757677574,754731152
29840299,20667694
33398716,30848872
973525795,964209753
979969730,975368352
29412725,17782734
38046041,27071567
39249185,30146776
547842299,544423838
970970413,967064913
974812902,965659620
18574946,11376545
492236596,488916836
15921611,13365720
13141837,10554587
14548927,11492390
506774869,502440402
12538562,10153094
22274396,18376601
24862310,17463852
531779485,528049036
22129054,19733379
1279900590,1276716002
1591916745,1589500585
33168268,30119663
52687906,41754894
2029811457,2025365800
2045734369,2036945275
2001758958,1997607237
2104713919,2102103791
2320933400,2318884705
48436061,46123210
4441530002,4433937857
2645338030,2643250902
59706484,52849133
2687205382,2683101818
64314808,50187251
76608990,60936790
81817168,66349356
2641668956,2630185175
44630987,41601100
2472425931,2468229832
27762471,25984214
2315013393,2310880163
16290177,14094830
52465146,40927849
1868268989,1861661056
41495490,37736348
3599357172,3594085347
41944207,40159264
2379955882,2366639633
2390023588,2385904052
38574583,36565584
67803877,52422888
2463044027,2459027634
51243172,49344591
2546114789,2542372392
2879409774,2871196742
3069047110,3066390602
3308300931,3306174972
3377082854,3374868591
45530764,43368459
3411758331,3408891597
55784376,52040013
5387881139,5385462732
57608965,50971923
3361745805,3353066226
3284852548,3282948889
3104473129,3101031632
3158483083,3150131905
55088824,53371737
2339207651,2337688843
2243090301,2237596789
2219592153,2216639907
2592783678,2590754557
2594023234,2592767218
59120874,56067714
45585655,36354783
2554320248,2550600493
31310175,28242527
2547188553,2536942143
33241622,31381563
2458676680,2455483142
22184955,20617859
1575351914,1572322566
1521403506,1512031455
1179076569,1177126053
670550641,668623202
13165675,10191857
20919576,14185937
26528725,23630528
549664852,546500000
49644515,45491142
55663661,44446513
1484865519,1473389023
52641694,48045151
1808419082,1806080027
3021137086,3009436537
1855183207,1846172943
30933777,29022101
1675158047,1666026236
1469172497,1466672706
1363345593,1360977029
17107207,15466951
1009646245,1007691894
1350419371,1348408726
1478392066,1476321967
2026238399,2021335015
1366879944,1364885194
1297071312,1287102414
1266444237,1261688914
19702953,15929141
23375503,20427836
747212987,745419076
21628475,20569101
499811749,497931540
32136865,26192967
36753392,28125534
23860712,22226972
27308921,23963784
1005042481,996042831
1018351288,1015970776
50983905,42323025
1006653753,1004238725
1007902770,1005588350
13904770,10266464
499955316,498026754
485946516,483260794
12414273,9811571
485894963,483681397
486892892,484139591
12567139,9614117
15252497,10408051
486077109,483750140
494504203,486580354
27379394,18081552
711340178,708994995
60199641,51922363
50090102,41517578
30760115,26571927
1377866650,1373540469
1383473443,1379118393
560933151,555170223
19911072,16229439
565586961,561894644
623990701,620092633
17256991,13926501
631408564,629280567
492703286,489743005
488928393,486190274
14809186,9745373
487792015,481855692
489271971,485928507
487373338,482855791
12361306,10032621
491010883,488709596
484067434,481818785
19515745,17763608
504683734,502332525
1145885022,1138125985
1151702673,1141092895
22976184,21224283
684037314,674255654
18155807,13417918
20476448,18565389
26275219,17222047
12111396,10464852
44253115,42258554
1408772113,1406172186
2200926920,2187002629
16358256,14574770
981279628,974975496
18605318,17008602
502136917,499825635
594347763,592205813
590418032,588668584
14428447,10277095
13519141,11350679
34036675,26081814
44656793,29334658
28687371,25848132
611110918,607960504
23373000,21569367
614286827,609191826
492856187,489169895
498045684,495732195
492639128,489889106
491769366,489317150
867315581,865175766
15369539,13819099
871903755,870173528
484889523,482822806
12445219,10511923
486834404,484684006
17552238,10614472
490283520,486829382
489131296,487223101
485552851,482001569
23821978,17748281
503830367,501365773
12173112,9496797
568121117,566225048
791742175,781989522
701400201,699701683
961961629,960209190
975461058,972481968
598903588,596539071
589399346,587587124
491109736,487603609
14797638,10547936
693204001,691336088
801594106,799427104
20775100,19208775
822732061,820939185
21688188,20073538
699943044,698244332
11961090,10152062
21329354,16095024
20277510,18435980
1407091665,1404504700
986462527,984646424
561029291,558507212
757638715,755931817
1605382607,1603391669
1597463986,1595274836
47745430,46042916
1873137259,1871354621
2005568811,2003749188
2046487955,2041470249
1982501044,1980729108
1958780669,1957062065
28339100,26737751
3369539107,3359456801
31908966,27657024
25504574,22693174
1630355522,1628681418
1258507639,1256494835
24930838,23196079
26969376,25061991
1001302982,998214132
1008756194,1005473549
1002994364,995758424
1012988633,1006341008
24726749,19886208
24834157,22032665
18332767,16870650
504935006,500383031
20634199,17926101
19589613,16159648
521038508,518664732
616177623,614072393
608078835,606390812
597019201,592108073
872866635,869872486
766514566,764096087
824449933,822221616
901419606,899637316
20862770,19411037
783329319,781619483
19654104,16084010
24369027,22786423
753063021,751414855
1083023442,1079575227
1375319567,1372897465
1701039135,1694101734
1697287121,1693284073
1642772227,1640792891
27912082,23107971
1771439988,1769484664
31335985,28262692
24601778,22823560
1773166046,1767985376
1781656724,1776257316
26455063,22154015
34130737,26452872
20151157,18471468
2257300861,2254146176
21495858,19412957
19774010,18118926
507396461,502871806
29704794,22281448
32971389,28877321
19796157,17752576
17991119,16439183
671307174,663066047
57057841,54743082
1150632432,1148311899
30766735,28118184
1188992432,1187534144
1168645493,1166903278
1334298938,1331956941
1327731795,1317485778
951710012,949484071
11965350,10388593
779418428,777825079
1005842439,1001841703
29817708,28033435
729519384,727737005
15117979,13418312
667145918,664817590
1067380504,1065208386
18342587,16776696
1403367266,1400710486
547466336,545718451
657550261,655890059
20026266,18498661
614020455,612057874
811843078,809483853
655814291,654026145
17255133,14642914
661521176,659796601
13227837,11528229
11571245,10036588
12530542,10588460
488848210,487178468
792677624,790599414
486789439,484677221
24240042,18310964
28872989,26427607
32183890,30145588
524384193,522662007
21021837,17478544
1279393975,1276196420
1287009394,1283522665
1109008242,1107107862
968280600,965468311
970995199,967836449
33325514,31453578
566815720,565023513
17482426,13857521
580769401,571504635
950339880,948633303
950353194,948835933
17385795,15692327
503940540,501888048
540491819,539029737
969324808,967312843
910602789,909265852
484510963,482998040
13079951,9529671
490422721,484578610
601875601,600408229
598806897,596956470
22599180,20471186
18495496,16969031
619763833,618135099
21979547,20434110
636843023,635148118
484043831,481964287
11927575,10002593
21045055,19298708
826878314,825010286
12100157,10151748
21783261,20085698
19694674,18804897
11922628,10264438
12812764,11034627
488394051,484083213
487732027,484609015
26470354,19684658
12533487,10382766
19696479,17878169
499524407,497879763
784057337,781750151
11387006,9687128
488885428,483631173
12029333,10165879
19425532,17845680
507069678,501135266
35817460,34350454
1254551922,1251847899
1263299768,1260941432
17360926,16122473
17421748,16331035
1681471328,1678988107
1700019030,1697913812
2989570138,2985853741
1597522785,1595885643
1423541559,1422223397
1462186146,1460611366
28321068,26143381
33607617,31764975
1703557482,1701983144
1822658944,1815068795
1836817761,1834727203
26263822,24800583
1897170640,1895501513
51362259,44191629
53623499,46593577
1798865815,1796883006
1551007861,1549499457
1414207263,1412517297
1942557244,1939040721
37505491,36033165
36135913,34668906
2314076473,2306731763
2331819528,2325305431
34136639,32326915
39854592,37604081
2078840225,2076993062
49530403,28015089
57469749,31547311
63809357,42205127
53367137,52123889
4012935414,4006908681
39876831,38232781
2978897105,2977078910
2990244433,2983636936
3104662041,3102629084
5063368813,5056877744
3472146743,3467512657
3417577352,3415570625
48020205,44538690
3318343211,3316664615
3240636097,3238529248
3018902389,3017367475
7147791105,7144773327
3013987572,3012464618
2978878313,2977059797
53100850,51378399
60099087,57931035
3361566540,3354414955
3370479069,3364127324
3374376051,3368404782
3319494073,3317459303
3330773556,3329738315
56303687,54392170
66074309,62218667
3800594804,3794856787
3802982142,3800620653
32403125,30932865
3884578602,3882605112
50806740,48983560
52458614,50525235
3877809235,3874751716
3882729070,3877156497
50368599,48704509
3919537272,3883611118
43263054,41811707
3801940710,3799898406
32954714,31569151
3324114229,3322574204
2989055709,2986452634
5429642592,5426760012
2354818465,2353696111
2317060189,2315093384
2693286387,2684261318
2698052953,2689272695
44418695,42523972
2674409685,2672508019
2711001245,2709122921
41772149,39734306
2754435680,2750696243
2760332904,2758432977
39493136,37867081
2784950946,2777941477
61228324,59670144
41841182,40458262
3054703944,3053155604
3110644096,3108874997
3641878511,3638906097
3651573253,3649163044
35472240,34024231
3935490236,3933575648
68055521,66287714
62047776,60504647
4343463042,4341409452
4392134034,4390743098
48069341,46496981
4331186236,4329288178
4329208506,4327602359
38821343,37361678
4185186695,4175254306
4031419404,4029797432
3960518207,3956178381
44034429,42622467
3660152445,3658436969
3264637165,3260793765
50954813,49571424
38903480,35427021
3029908661,3023042397
3068771197,3065320178
63671260,52727813
8946319248,8943589339
2890319926,2888312072
2917811571,2908172695
49347946,47541493
34037317,32515447
2660948740,2651241393
2638400280,2636459699
2666492630,2664103392
27093749,25506171
2382651616,2372360056
5004729720,5002286321
1833052657,1825260868
1859776955,1857927934
37173478,36085049
20405040,17062512
32061679,29096318
2882273799,2880612948
24319306,23046419
4194919637,4189091854
29915195,28457696
1590344275,1588579537
25104246,22832520
723889356,722306308
19510006,17965451
558198606,555215186
538580014,536948703
30401549,20782937
555865464,553859836
22740368,21268109
1155060681,1153067045
884813422,882946708
1536787447,1527634956
46718623,38836992
1647303490,1645266454
27441436,26071647
1530408514,1526665621
3321116345,3318262566
1517194197,1515407668
1647515284,1641422920
1755276339,1743264730
1739546646,1737726746
30040973,28564835
1940204081,1927364723
45306570,44482113
2133879793,2131908960
45192520,43680106
32355547,30611840
2551692988,2549123080
2565619829,2563569368
2515557481,2514072888
2163609685,2161437852
33662352,30402332
1898152634,1896264551
48268613,33965696
70991161,65727088
36815773,35432549
1394712804,1391853947
44754207,42337825
46293892,44501656
2568312978,2562501241
2572041918,2566756969
2597324450,2592168971
44802929,43435535
2520453460,2518828067
2533607396,2527713588
27430031,25997774
1622223429,1611542616
1503303100,1501503112
27789705,26159108
1372838363,1362710784
1339912334,1337974333
1350214840,1348565149
1234535905,1232556855
27724038,25452489
33503308,27765386
510224577,508813816
1307472809,1305238356
1319256715,1316465128
1512277074,1510648676
1563732593,1561548374
1648483937,1646497612
1905507768,1903295858
3124364067,3121768992
2271565955,2267109924
2288154893,2286929575
2292205031,2290303351
29308001,27672733
24319056,22676345
2186380707,2184371854
2122925610,2120076069
1948970768,1947255686
1942772434,1940839996
2018128088,2016279747
36695805,34972593
2289708952,2288024502
2337339703,2335640353
51238719,48248486
2456565149,2454085388
49585106,47990111
2573808182,2571938259
2776898014,2774616853
2736198909,2734282856
2711521467,2703536866
2723333210,2720986729
43408734,42436544
36368346,34993100
2640615872,2639028330
2596177884,2593747643
59387999,58026844
2920364395,2914390611
2923746637,2921785018
37288543,35749038
3220489087,3218729851
3848955391,3846923686
3855050561,3853233324
51694987,50409772
4184565594,4182610158
4208772131,4202629478
53365722,49301242
4250503163,4248894809
4195004588,4192982856
106527484,103355176
4048882361,4047256748
47737540,45937227
3901300082,3899822852
3676372505,3674341101
33421072,31945691
63367666,59309828
3253025305,3251806405
3221055370,3219169016
59909392,49265565
2809057130,2801672146
47110977,44874153
2792291127,2790105709
46116011,44637832
48008323,46524209
49459290,47530289
2814512324,2812180558
44037229,41904229
2873876300,2863325379
2881727757,2879717590
2892637261,2890224764
80567986,78517307
2686251042,2683587949
2585229371,2583380813
39035043,37216051
2580258954,2578571487
30965740,29491567
2469306807,2467553166
20533874,18767279
14984332,13456803
6447460032,6443601539
28677663,27035829
1867953808,1866576034
30463772,29111463
1751177352,1749514499
1482270533,1480636615
1293910888,1292259749
1222073015,1220172876
31820535,28770534
812416127,811127406
39304633,31009767
995557140,991092972
53910799,45514209
926881613,922671363
24443198,14341246
552817121,550723446
652161241,650243329
792928212,791437075
911385722,909743521
727200255,718938227
15144042,10622978
12853365,10410204
20309004,12439710
21184695,15188844
12319841,10522865
492191839,490025787
1228286976,1226690093
915214997,913156195
20516822,18664777
516702689,515106231
664946186,663417914
651012816,649479357
21736098,20148815
21111933,20186177
18527084,16600176
32594840,31604098
40550865,30058965
2345395821,2337184076
24362390,22959587
2071522954,2069839669
1280870105,1279318366
16745587,14157991
23804021,21578932
547409153,541724371
17768315,15966669
561376366,559412153
494328910,492290103
34684633,29238719
19221310,17507706
20214878,18775670
559037040,557245035
621918834,620745497
19760519,18344654
936191112,934193861
11957185,10114262
13843776,9907961
12533839,10504805
487376432,485769797
18234834,15950888
11588468,9764635
485376395,483878781
532389395,530262472
949129761,947257076
1092836747,1090908524
31360755,29202841
933055014,931101606
55348647,53589756
651136746,648789339
34525225,33043861
35744169,33788556
31896533,29793946
842742814,832677067
31214983,29541869
1152637634,1150963948
1246866861,1244423887
1383227928,1382136214
1269328966,1267835475
1089352699,1087825722
879123687,874710372
20719482,19189818
18819584,17367054
814968355,813298510
11556424,10198696
958403809,957229847
1000361411,998769928
29296407,27561104
937273068,931301859
917685406,913230064
541269001,539359722
15809828,13934741
1267029329,1261031162
12069452,10186122
20826898,19173215
19448269,17857002
932083558,929576727
24158353,22725343
1087551935,1085284353
1111499611,1108686365
18632310,17261036
17988808,17175613
710295091,708506454
21031918,18422435
20491613,18508775
515420310,512897075
11667586,10305947
489377856,487935236
795891113,793936107
12268099,10433465
11865534,10053761
14787282,10547284
488419162,486628023
487340076,485757559
485853361,484293960
29169142,27631947
1257423986,1255512687
1263121961,1260743390
21207540,19798543
17175709,15861271
1377367441,1375803481
23084753,18260627
504079917,502565753
20984922,19429416
20078689,18942791
1178970876,1177235991
1184146529,1177934299
1515804364,1513184398
1516373174,1511638118
1250062081,1248606228
26740881,19272314
1023684250,1022260109
28418591,26557975
1298728494,1297109752
24440332,23045882
1330910279,1329176573
975842014,974333671
20772002,18330767
23539157,21869617
25635205,23820165
19655659,18325467
588676041,586238971
729669100,719417917
21650500,20272858
673101947,671259129
12077270,10281547
11706981,10121961
11204655,9849892
12022980,9799428
11527612,9703193
31602121,29296434
555059495,553411989
782373045,780491826
21871948,20713105
22522021,21595755
1328471082,1322181856
1334578406,1331360178
55408482,52624161
1636900459,1635364373
31417733,29805560
1870360409,1868250277
42073077,40811330
36171101,34287780
2221416063,2217925566
2237912957,2234662953
2080591729,2079035533
1419390516,1417811208
16131391,13710778
1053002407,1051037562
1128961651,1127414956
19256960,17789959
14670075,13277427
1302188339,1299868374
491010754,485522016
484663950,483119069
597376700,595387581
705608266,703988837
25936238,24186217
31018629,28768176
623391242,621577196
16860793,14902717
32702878,30437674
578782549,572432153
33341408,31541037
41844533,33358250
790584506,783157809
1449247733,1442259439
31104519,29687884
1832581458,1829606936
1857802547,1853954086
22020011,20635907
24107687,22704581
24701029,23182067
1742358491,1740038326
20032323,18637295
1309039281,1306966450
19635749,18249493
814432273,812935648
766352555,764852913
930481366,928589568
936302851,934566838
795037550,793725519
782197670,774273057
27949109,26096941
497765821,495344816
21207585,19761565
497585284,495724900
11872909,10521023
11864722,10023014
12111669,10553255
487049900,485222933
483053298,481138776
484659817,483050321
11978977,10533924
523931895,522296484
515118818,513222617
685996650,684308581
19412514,17890320
697869492,696368966
490199304,485902575
483641450,481471520
12112401,10523958
25425268,23471941
978664641,976889420
972036184,970709063
18849743,16383386
15691325,14293778
513882041,508909282
11929776,9834172
23487769,20625341
645537913,643391458
818564846,817125162
668784938,667323429
12018377,10432405
507464146,505417444
506415266,496585161
854523647,852894848
849189878,847742076
488816101,487297174
19423989,12777682
12131939,10522127
483168014,481334841
11852728,9932064
12029937,10506490
19841100,18438432
500985335,498640006
511457565,509895717
18012317,16637772
524892559,522895785
1221168407,1218551422
1227018312,1225023085
1145085427,1143284382
27696277,26450475
1094301653,1092926624
1424905144,1423542273
32751169,31386193
31868080,30587275
27839199,26495939
30297155,27296305
1653254409,1650758513
1656660405,1651508109
17767135,15970046
19753371,18420293
1185561704,1183829151
11800759,10308937
682838202,681363966
891916534,890029855
895280930,893505329
15737480,13946434
1002263051,997381035
20394327,18379537
488488415,486421663
