1500242308,1478548697
1503754523,1499594291
70589910,68843155
1490106088,1486040891
1093890163,1090676236
1119304169,1112921367
68403716,64972140
676530689,671987098
144398897,133674603
148880449,140856465
99121595,96453309
133300132,128994057
1358508637,1356793862
1390776301,1379093838
1209979748,1206033793
98911717,96619299
824128069,820742462
696135362,692367101
649301247,646461121
102884709,97617302
108826127,102986544
71229324,68852692
635958942,625949746
749399988,746072852
1838361989,1835810931
2048729814,2046808212
2514425827,2512258948
2800724912,2796509660
239526870,236093731
3294486536,3292056573
3552024356,3549109033
260819891,258535760
3725867211,3722330689
284358708,278691868
269696737,267512506
240041691,237689251
4374618814,4371792854
4395971266,4393107924
4525118496,4521151729
5532445904,4588731726
271374068,268227892
304215359,302409934
4630881045,4627534202
4602554338,4600589850
4665720926,4663058054
292730156,291108076
4628717680,4626574022
4601042262,4598612799
11988441570,11982514387
4766483156,4764191380
313123314,309854626
4754014176,4751704714
263034761,261115719
4762831685,4760837311
4778136516,4775923888
274043632,272666034
4688450050,4686389833
14156177620,14149291260
260414069,252167405
272514126,269756577
4515101255,4511980150
4503242290,4496060486
199264143,195296319
3638564462,3631389875
3726305021,3724482078
3601213507,3598368554
237049973,235415901
3682747674,3680212365
3802906252,3800943611
279644701,270786912
3998174323,3995872522
256351899,254402616
4082486413,4080709127
274567264,272715858
260532433,256006300
263467866,258556524
4130439746,4128574466
221324007,219061942
4029849630,4027960362
271026460,268785685
4158647714,4156507969
4145134687,4143032491
12915071395,12838558623
263883213,262142160
277385647,268833645
3922738469,3919766541
250695141,244500353
4129479581,4126201474
4136321971,4133941033
4161628571,4155920350
304667995,302907999
308499193,305692111
276205791,274053436
11506851030,11503910233
4460054198,4451241512
272198050,270201210
255726998,253580385
270250238,268499891
4513145668,4511282876
292092378,288771158
252528848,250545193
4595753791,4593512718
232417337,230665654
4547317462,4545467556
184927016,183211776
4336469745,4333409013
191471925,189487920
3935462189,3923707364
3887581645,3885423467
3209526327,3207611552
3131344219,3129008616
168594272,166524699
2852383905,2850519102
164901934,163264851
2717874789,2716130987
2650411822,2648526516
2404018913,2401968453
1633397102,1631584121
120168918,118555759
99860158,97786372
1315286349,1312825071
1336851167,1333645874
103699348,99172057
104076436,100521502
110501079,106571758
175447863,173580031
195764721,193866311
191455855,189783325
2035105941,2022476178
2078032029,2074491918
2569461107,2561925799
2585069899,2581107604
173462035,171769432
147018796,145428207
172410859,170839263
172320847,170668575
2670861675,2669581311
148262101,146632138
2506947432,2505151677
2481985216,2479305228
146815938,145281987
129697599,127067335
2225955932,2223442833
2016878857,2013817095
1879310050,1877330357
1694726557,1683599095
156755816,139169589
1251126162,1249392973
71348937,67883308
887778574,884472082
840905675,839182362
720644842,714139669
1749405415,1738605976
1786461934,1774521861
1658788867,1656831185
1789746921,1786841433
151339305,149704768
145644261,143847749
2384634096,2382561070
2392533302,2388924640
2396684463,2391647895
102081917,100600270
2135919463,2133869795
2415540787,2410962753
3980966925,3979294718
3978438221,3976747449
4049833103,4047994305
268501745,266920391
4335411335,4333613477
4413757719,4412086493
237568055,236183890
4395660257,4393528016
227651239,225692967
4350584963,4348989828
220227409,208764946
4264606129,4262923748
3848464509,3846407159
3592853916,3589760926
3138960341,3136153965
3115513117,3111184803
3313768304,3311669097
260273518,258600856
3525744686,3524075204
260892647,259168244
209194905,207618951
3809688953,3803425216
3917997343,3916330735
3899979765,3891414698
3816191780,3808456599
3716250907,3714413267
221952611,220450073
256102195,252198066
3619357859,3608772688
256911591,255163038
254514436,252461442
260227761,258808929
3716912859,3714994065
3735497402,3733146022
226534829,224816191
3805406584,3798904478
3809030843,3807101893
3884446301,3878437006
3979648321,3977060397
11908399944,11904375312
4547483986,4545703470
328638699,327111494
5020099927,5018937926
5064717681,5062968179
267293476,265416740
5222206352,5219763680
5289645945,5285473872
5303839580,5298442153
276585607,275015163
5236074546,5223262901
261326767,259597423
5083664665,5082052342
4862857144,4854227667
196291203,194496685
4113562656,4108693986
293945569,290027325
3985117845,3977003221
291610046,287493353
3937533213,3933632591
3961574045,3959983950
4268226609,4266831798
312857420,311131037
4567564126,4558718476
4648908899,4647295576
5003832592,4998308888
5034244485,5031992256
5044753429,5042083699
4998725785,4995499904
14435265341,14430267429
4829595627,4824974757
4806004292,4804187095
267333155,266062379
4636227065,4631425896
258274436,253527566
269339689,266511228
4317887891,4315469022
4355600594,4352443591
4414094285,4410248641
14374132852,14371243863
4439213681,4434323968
12720686341,12715803142
249537562,247913683
4385653495,4381025590
300003414,296634922
315030209,310996500
4451065930,4441279966
292080544,290434729
4465293032,4462893636
4482604344,4479699183
4516857613,4513951138
245274762,243686662
252845175,249197862
4273394363,4271784690
255249398,253819130
4254358258,4252714916
241066400,239478698
288641363,287212086
4323438287,4321392205
4513224230,4511994787
288566512,286107664
4555865772,4551282199
4551645643,4548214663
4649734078,4647921369
4875066250,4873073812
4869036270,4867384780
14514757364,14505476601
4988490584,4984641414
5032326466,5030716130
5084872547,5082959749
266015228,255227580
5065935964,5064326168
14824945281,14821182931
4914296823,4909391026
301628936,300251977
4791108351,4789623277
14815869633,14813367391
4673871297,4672009960
4347928336,4346609412
4397486389,4395869346
4503876528,4502030600
285234073,283948845
4546245918,4544663124
274088279,272752560
263995395,262593330
4437294476,4435684871
236323829,234583189
4413225404,4411255275
4394488164,4392348186
4294564859,4292618499
4306221448,4305123499
4204562617,4203028526
14423015467,14415015527
303027900,297295703
266826041,263427908
4085740274,4083908627
278094414,276795355
4103374128,4102071739
4167679088,4162427456
213884476,212598227
4068286018,4066085187
4097584380,4094800643
3851513428,3849863464
188564904,187164834
3632013638,3630466389
3473401069,3471054110
2991617900,2990034729
195344474,193853596
3011711433,3009918948
3137321675,3135698264
3229858620,3228192611
3244656048,3242638338
256183138,253689407
268141343,257457154
261446719,259929234
3578109129,3576550142
3787425335,3785975691
266399189,264064326
288739301,287387694
4023537908,4020603544
4059872040,4058351886
4131410869,4127170146
4205921999,4204117668
284943436,283276530
4392388207,4390406327
11598414551,11595243186
4476624282,4474936144
4492922186,4491868733
283293541,281488220
4587118108,4584564220
284366772,283040435
4545929887,4544455106
256484682,255146604
4596439698,4595453697
258084478,256566631
253112260,251817392
256939968,255300750
4562507118,4560922087
221696875,220108767
4348342361,4341667832
4207472384,4205977538
3838941490,3837428847
197976300,196586015
204995602,203569119
3348242681,3346696407
197793091,196272832
3130671308,3129319234
2888469779,2886956598
2862704655,2861235576
10099878295,10097744708
284181768,282705235
2976125395,2974394928
233420420,231706176
245410988,243008173
255490271,253700265
3288040192,3286527492
246508615,244811527
283864375,282159383
3591574326,3588769597
3609775532,3607794426
254785578,253299758
244755893,243337718
228577759,227131598
4008992628,4005138556
4027879344,4023835317
4050719967,4047340435
3921963862,3919669057
3926659974,3924242800
296803994,295260510
3922794167,3920665001
230324260,228782369
3784211740,3782653662
3820513251,3818670655
227353056,226011550
3816590561,3814667329
259056376,257288936
4004131256,4003047923
4002032795,3999906072
4075757542,4073965649
277097098,270884050
4246673503,4244434077
4357024912,4347539367
4366171071,4357592773
4501607607,4499867293
4743091233,4741787518
4780109835,4778061079
4924338219,4923065279
298758415,297239796
5029697544,5027987652
5037177754,5035170340
4926528480,4925048659
254203023,252304566
13658612213,13649615011
4892847531,4890941364
4805299842,4803799074
4745566393,4743642680
204781114,203362001
231269887,224974270
4280910782,4279396932
4000483825,3998807861
3909095602,3906708093
3920580706,3914748588
284175642,282434668
3995369176,3988393750
4011144795,4006692028
4066191694,4064628178
296979560,295212646
4218084589,4216555649
282988167,281571297
4306734403,4304323522
4369123077,4367309546
4410796252,4409401632
4580799533,4579387582
4559826130,4558172400
4635803166,4634442350
4740522153,4738959541
295020871,293806013
4690797656,4689309321
284173328,282490247
4650613351,4649067594
4639304748,4638062176
4719208637,4717594314
4654581293,4653305144
270517775,268168128
4607734259,4606349919
4649392247,4640614668
253502099,252124838
290080791,288572557
4542593818,4540809472
286804736,283006035
4477518829,4476088263
4592985462,4588799264
4819996306,4817148828
4825717760,4823486786
279598974,278085016
4728167314,4726641967
4910108913,4908903438
5048295348,5046719659
5066639320,5065100871
4886250011,4884833752
4854249581,4852752099
4661551318,4660079000
265433339,264029802
4644527862,4642772055
4391853906,4390068126
218626763,217018053
4224106294,4222570067
3814419086,3812854971
182369591,181107594
224383435,222848912
3373411548,3365244523
3380342663,3372479491
3296662152,3295417610
3205318071,3203785364
3418775064,3414497789
230371146,228938931
3456315483,3454592721
203800895,202390330
3420690858,3419104415
178541062,177097210
3416395762,3413413433
3412683413,3411094096
188781135,187312760
3411096616,3409272791
3336757323,3335009583
186085505,184595477
174523784,173372017
2953306974,2951583303
208099278,206556912
2965522868,2963906173
175848633,174032104
2848491883,2843916552
2717861839,2716496838
2699498047,2697906883
2625421483,2623038200
165771954,164027695
2449614689,2447168421
174109181,165088989
177146652,168608928
177810755,169577889
2284567017,2283195696
1782644982,1781103455
137385597,126872572
145408517,135188729
143758226,136195988
134768871,133509630
1298444989,1293149961
150337013,148750190
1940169013,1938325558
1957637358,1956313529
1883839736,1882424989
1600489398,1598985073
1404253902,1402885792
1562997568,1556848016
1578525441,1575441567
135817055,133962303
1590647046,1588694986
3955848593,3954104910
1367487505,1366048339
170323965,165236987
146614227,137556486
99232290,97694919
1438512757,1432562532
1445844907,1439736090
99096435,97790196
1246731039,1244864254
75911056,73011766
806805240,805358656
1040268128,1038341238
1045335121,1038381047
136249106,133464515
142637597,133775196
68753061,66973056
705798556,697923856
67972660,66636208
695769738,694023537
519194035,517860921
92595533,91192786
1219953500,1218805426
100632400,99373508
152583693,147022139
1669448407,1667990791
150807330,149360293
154065283,152285844
164118786,162519806
2328483159,2326665250
2350678708,2345462328
2281284321,2279880911
5131210404,5129087387
1847431713,1846191952
122497531,120955322
1966143125,1958393445
1968752947,1964233426
134201159,132700176
1787445958,1785908115
104717228,103312119
128779552,127356503
1668618744,1658391794
1675316835,1673636453
101428765,99697622
1489542953,1487598831
73204446,72006503
1270376388,1268950814
89189293,87894013
73112219,71488026
710240937,708836892
969496896,967890109
66071776,64773169
954712607,953355338
72456048,70792844
764269170,760431138
68652367,66732702
754300020,750119450
36243846,34920222
528589894,527108742
527077077,525245626
69510923,67848298
572166083,570581459
1284073212,1281311008
1297893558,1295813459
143902786,141778890
1140834526,1138740608
99463999,98178403
1342868124,1340239786
1355397582,1352726798
936757634,935279386
2215859069,2213167079
2219924916,2215926355
2226916687,2224841429
2284680506,2283188096
2640924776,2639701446
205947089,204178121
2961324214,2959664012
2995281976,2993830703
3067105634,3065155627
3065095242,3063322546
2986108928,2984651428
2731566360,2730188697
197301932,195580274
234834892,233406573
235761905,225818389
2956977893,2954937155
3033812700,3031249431
248449059,246945794
307961554,306222753
3845045767,3843208309
3844801595,3843819386
3961463248,3960411986
254931178,253237801
4089200314,4087927549
4082928068,4080932403
4160226194,4157979377
4021386189,4019914285
3848874200,3847345499
250874608,249477239
213334294,211904699
3687021565,3685613446
234208941,225636585
3772631092,3768009519
3621073291,3617755200
3456546740,3455375262
3378128114,3376582847
156777532,155429686
3317374270,3315906103
163680887,162089554
162568849,161655468
2794802470,2793326845
95334968,93827480
1971731423,1969667163
1972911004,1970883394
110264244,105765161
1462327887,1461376454
1485788756,1484262912
100032488,98633259
1488862545,1487180978
868279363,865293623
68793353,67522332
71180065,65793202
155945305,143935035
168073977,152446589
168530902,153073012
134617868,131437023
1171368014,1157916533
1958217486,1955679977
1969414586,1966194833
223487266,222136892
2849163686,2846362464
2850439199,2849228961
216955774,215492282
3532619818,3531071402
249951954,246263384
266034931,262995366
3628025104,3626530626
3746828190,3745495187
262365327,258899668
3819397669,3817784496
216113822,214841426
3731188528,3730195556
3682944735,3681327868
215928385,212472898
3434343859,3433182539
3399881310,3391835111
195855162,194294584
3246966312,3244050387
2871273849,2869313855
2920425675,2917736686
9798484588,9796375565
2536871716,2535405303
2558287810,2556950690
170025718,168737200
231934158,230249926
2898959996,2887858859
2900689460,2889916867
2932995183,2931576438
197926555,196505550
2965289021,2963461964
2912179896,2910789718
132587282,131213112
2737325807,2735829361
124179251,122253094
2024703952,2023328914
123921783,119337578
129269809,127750339
2067576006,2064891338
127187591,122925521
2018162935,2012965911
2058476620,2047500737
2016584714,2007275943
1773354945,1764661685
107872213,105964812
130371842,129321209
1324330219,1322674108
120294829,118815229
1357761982,1354883481
125279603,122986809
1355275785,1353680301
104671344,100345570
850421200,848616536
35161274,33911279
68049316,66549604
560710841,559538395
68136031,66808462
927319964,920806037
969394022,967999376
666526445,665077932
525084365,523673120
37186940,34194808
523261821,521536107
521353527,519948063
35198451,34015812
1408424289,1406821817
1438714161,1437707083
140081272,138073830
142058845,135894375
106558931,97280520
109881854,101487664
129360997,123409505
137913084,123510919
141136045,139197237
110502595,93913920
129081271,127436425
3436555826,3434029574
124845867,123395580
1546998216,1542944895
1337660492,1335773699
1659740761,1658045378
1681489948,1679358080
2205948010,2204114602
165575315,163866290
2439766493,2438290567
171823617,170419483
2468171875,2466843136
232029598,230469323
2746434776,2745141961
235245460,226968441
2849205169,2847801707
222489044,221121111
216869018,215039828
3242245394,3240857930
264072959,262548634
3539012623,3537576595
3620619162,3619304545
260180159,258756308
3626023108,3624335363
3704898714,3703692555
258423240,256848096
231932967,230336174
4096756697,4087544887
4197280659,4195810253
4271492110,4269689639
4414442417,4412121239
287108354,285896023
285678429,284378218
4538954133,4537225655
4573508774,4571885751
292377952,290754978
4685969046,4683639779
271253815,269830096
4755777782,4754324089
249741977,248046713
4694819572,4693320608
4553055264,4551651471
4484936243,4483301469
198871680,195475730
4108992942,4107651191
13009953953,13000053263
191410095,190041405
4030263133,4028643916
3543869756,3542570595
3377243993,3375694942
267283125,265837408
3645213473,3638909844
311488144,310075517
293231298,291940226
4036146810,4034790038
258889227,257386428
4223156283,4221344041
258580236,257091931
4301358438,4299814835
272873077,271364806
4699020511,4697054555
4706066323,4703547031
311834857,310571050
4876950964,4866001678
294676190,293285163
4898479584,4897052995
287239720,285588504
4981943062,4980627075
4966002373,4961243782
4852528069,4851097399
264561170,263217144
4923413885,4922012539
4741089624,4739199774
4640749207,4639518417
204689878,195965379
4120839443,4119350469
198401656,196305288
220159981,218566833
4062670063,4061008041
12944577461,12941795451
116452742,114616233
2723195990,2721649565
172106454,165967913
2035056737,2031007387
200135880,190694977
274765690,273195203
3200877729,3199935737
3261355429,3259724339
3273956453,3271858826
228767039,227137283
3412351361,3410961895
257545091,256267074
3820808797,3819089154
4064091790,4062729207
4080049504,4079057415
251662505,250345812
4184330970,4182666638
4409585170,4405470593
4496279959,4494684387
4409577224,4408087139
255262512,253821920
4418828734,4417209130
237940013,236622870
265356392,263044647
4421740508,4420269309
4266226816,4264723764
224666571,223144535
4056250397,4054523898
222752963,221725683
4030166667,4028614935
3933462993,3931731549
289079773,287392738
4282864572,4281052212
326336710,324746341
283543167,281836325
4485498273,4483229097
324765064,323605899
4783067630,4781297358
12135015761,12131234813
281049525,279798883
4823704238,4821367809
4891683185,4889775249
4805441949,4804049828
4747129289,4745827723
230917681,229497927
274086682,272600930
4199999827,4198563217
291085793,289032477
270186487,268919310
4149937485,4147896375
255624212,253453767
257925124,256353737
3896461768,3895078334
3990035089,3988210616
4003935966,4001517013
3928362118,3926914172
3826392002,3823805848
245377293,243616501
258712380,254498427
229905632,228551228
3816026342,3813762229
3820198414,3818507595
224889150,223678435
227367961,225945848
3663909897,3662422043
277150264,273006363
3766736049,3764328948
13157531750,13155525484
3949147386,3947788531
265004270,263253768
4158937980,4157444285
279589630,278183496
4564700080,4563263953
4699105787,4697770698
4747069949,4745664174
4829850385,4825664343
280743040,279363386
278792256,277801743
4719924627,4718572792
4697625411,4693131675
199040215,198012765
4512358474,4510585600
197086014,185658806
190997155,189695878
4265510218,4264191148
190199899,186551852
3679159967,3677805009
159977594,158627538
3576875444,3575346531
177747274,175771545
2683659040,2682233749
2601908157,2591423640
170168622,168874545
2579869827,2577878286
2951293778,2944679731
3029618019,3028165886
3335644682,3334322718
268629923,267143622
4146753994,4145344030
4290015511,4288462340
299854615,298608062
265273574,263938706
4410985722,4408368527
4458778842,4456711988
4337432371,4336046130
210188893,208609640
228536548,226446127
4270972148,4269242546
247007336,232747790
4181389777,4179874239
214808990,212329193
220898742,219743211
3980089118,3978688724
193804588,191944230
198233405,195390137
197361490,195598600
195971729,194583235
3115279539,3113324981
195503267,194092854
3070744253,3052293368
233275534,231464250
230745635,229506780
229695437,228049698
253776919,252424882
3468362704,3466081491
11588870677,11586725346
3753336876,3751643807
4210543522,4208941863
261854131,260432536
4461391673,4460038199
4479014819,4477656147
4566430529,4564959357
4518627898,4517338756
4622628101,4620849778
4904073633,4902632194
4922373585,4920823656
4879982195,4878602717
13200514290,13190571437
5025931049,5023522251
5064700759,5062858613
5051154516,5049626539
4947474560,4946095872
280168533,278289031
4759374503,4757509283
291469838,290118896
4691178297,4689714161
4629259355,4627828721
263690195,261789300
4500046195,4498570965
241665479,240469134
4431476214,4429196023
226356506,224210295
14381799033,14379660549
4081432687,4080125892
4049811834,4048331852
221567227,220327606
260254587,257890328
3661209967,3660202727
266680527,265424858
3972668035,3970692348
4103284755,4101432688
4144849028,4142074634
4176857152,4175488139
4499721895,4497932525
4618086164,4616572298
4861624515,4860251006
13727769503,13725838567
4846655450,4845276081
4870069928,4868356020
4779922873,4778079645
4774861885,4772913711
266052711,264668578
4751110457,4746908132
4621108060,4619709245
4539554998,4538157334
263642528,261422525
4281373314,4279619748
4078785023,4076697040
223566240,222414368
247508566,246124433
4041722320,4040364354
210210608,208959400
3937867674,3936439420
194117796,192840893
3639923780,3638701796
3580443486,3578681231
3545052706,3543281760
211566600,210401058
212785558,211414533
256692170,255331980
297731628,296307959
283771062,282439952
3541921262,3540592237
239142291,237543021
3972711927,3970785016
4090921841,4089540176
4323026952,4321739971
4480959896,4477523867
4551043994,4549633132
4348664958,4341976457
3930334101,3928997944
3713098216,3711685406
3275249022,3273517687
2931459215,2930052527
9841804565,9839757115
